0.45
lambda flux err
2406.085868649401 0 0
2406.476167783045 0 0
2406.866466916688 0 0
2407.256766050333 0 0
2407.647065183975 0 0
2408.037364317619 0 0
2408.427663451263 0 0
2408.817962584906 0 0
2409.20826171855 0 0
2409.598560852193 0 0
2409.988859985837 0 0
2410.37915911948 0 0
2410.769458253124 0 0
2411.159757386767 0 0
2411.550056520411 0 0
2411.940355654054 0 0
2412.330654787698 0 0
2412.720953921341 0 0
2413.111253054985 0 0
2413.501552188628 0 0
2413.891851322272 0 0
2414.282150455915 0 0
2414.672449589559 0 0
2415.062748723202 0 0
2415.453047856845 0 0
2415.843346990489 0 0
2416.233646124132 0 0
2416.623945257777 0 0
2417.014244391419 0 0
2417.404543525064 0 0
2417.794842658707 0 0
2418.18514179235 0 0
2418.575440925994 0 0
2418.965740059637 0 0
2419.356039193281 0 0
2419.746338326924 0 0
2420.136637460568 0 0
2420.526936594211 0 0
2420.917235727854 0 0
2421.307534861498 0 0
2421.697833995142 0 0
2422.088133128785 0 0
2422.478432262429 0 0
2422.868731396072 0 0
2423.259030529716 0 0
2423.649329663359 0 0
2424.039628797003 0 0
2424.429927930646 0 0
2424.82022706429 0 0
2425.210526197933 0 0
2425.600825331577 0 0
2425.99112446522 0 0
2426.381423598863 0 0
2426.771722732507 0 0
2427.16202186615 0 0
2427.552320999794 0 0
2427.942620133438 0 0
2428.332919267081 0 0
2428.723218400724 0 0
2429.113517534368 0 0
2429.503816668011 0 0
2429.894115801655 0 0
2430.284414935298 0 0
2430.674714068942 0 0
2431.065013202586 0 0
2431.455312336229 0 0
2431.845611469873 0 0
2432.235910603516 0 0
2432.62620973716 0 0
2433.016508870803 0 0
2433.406808004447 0 0
2433.79710713809 0 0
2434.187406271733 0 0
2434.577705405377 0 0
2434.96800453902 0 0
2435.358303672664 0 0
2435.748602806308 0 0
2436.138901939951 0 0
2436.529201073595 0 0
2436.919500207238 0 0
2437.309799340882 0 0
2437.700098474525 0 0
2438.090397608169 0 0
2438.480696741812 0 0
2438.870995875456 6.91825 2.07176
2439.261295009099 6.40727 2.12917
2439.651594142743 8.53448 2.30436
2440.041893276386 10.4395 2.51903
2440.43219241003 7.14143 2.16847
2440.822491543673 3.58569 1.80279
2441.212790677317 6.19014 2.11571
2441.60308981096 6.56606 2.14898
2441.993388944604 5.29258 2.03206
2442.383688078247 5.80499 2.12167
2442.773987211891 7.11732 2.24168
2443.164286345534 5.87086 2.12062
2443.554585479178 6.96425 2.25364
2443.944884612821 8.44955 2.40315
2444.335183746464 5.44585 2.09246
2444.725482880108 6.65269 2.25104
2445.115782013752 8.37174 2.44137
2445.506081147395 4.68294 2.07245
2445.896380281039 4.69621 2.05261
2446.286679414683 4.94482 2.09188
2446.676978548326 3.01473 1.90229
2447.067277681969 3.29712 1.97309
2447.457576815612 5.6472 2.21224
2447.847875949256 3.27326 1.99136
2448.2381750829 5.21537 2.19285
2448.628474216543 3.32835 1.97818
2449.018773350187 2.7157 1.94581
2449.40907248383 4.60237 2.13869
2449.799371617473 5.59533 2.19417
2450.189670751117 4.39883 2.13237
2450.57996988476 4.87499 2.18743
2450.970269018404 2.61926 1.92863
2451.360568152048 3.89608 2.06029
2451.750867285691 3.64882 2.01028
2452.141166419334 3.47972 2.03629
2452.531465552978 2.34623 1.90427
2452.921764686621 2.22926 1.91565
2453.312063820265 4.73569 2.14134
2453.702362953908 6.27162 2.27616
2454.092662087552 4.02492 2.02056
2454.482961221196 2.43796 1.88555
2454.873260354839 6.09777 2.26739
2455.263559488482 3.97196 2.00242
2455.653858622126 1.94813 1.80211
2456.044157755769 3.64303 2.03809
2456.434456889413 4.33337 2.07563
2456.824756023057 2.25424 1.83458
2457.2150551567 3.49888 1.98479
2457.605354290343 4.61339 2.08014
2457.995653423987 3.90317 2.01047
2458.38595255763 3.58152 1.97443
2458.776251691274 4.80692 2.07776
2459.166550824918 3.53364 1.33726
2459.556849958561 4.32384 1.40333
2459.947149092205 5.42575 1.20945
2460.337448225848 5.42192 1.21004
2460.727747359491 4.74459 1.17675
2461.118046493135 3.26255 1.08221
2461.508345626779 4.16147 1.13327
2461.898644760422 5.52975 1.22405
2462.288943894065 4.43361 1.09616
2462.679243027709 4.13868 1.0862
2463.069542161352 5.02344 1.14607
2463.459841294996 4.69582 1.13722
2463.850140428639 5.0312 1.14954
2464.240439562283 3.83325 1.08211
2464.630738695926 3.69905 1.07859
2465.02103782957 4.13085 1.10661
2465.411336963213 5.1008 1.16019
2465.801636096857 3.14123 1.05911
2466.1919352305 4.72385 1.15202
2466.582234364144 4.44998 1.14311
2466.972533497787 3.9718 1.1241
2467.362832631431 2.27486 1.02486
2467.753131765074 3.43849 1.09549
2468.143430898718 2.96856 1.07405
2468.533730032362 3.23654 1.09437
2468.924029166005 2.60394 1.0645
2469.314328299649 2.44378 1.05425
2469.704627433292 4.04961 1.1404
2470.094926566936 4.43027 1.15331
2470.485225700579 4.46985 1.16983
2470.875524834222 1.76778 1.01089
2471.265823967866 1.17506 0.988394
2471.65612310151 3.41936 1.10135
2472.046422235153 3.29996 1.0862
2472.436721368796 3.68325 1.12023
2472.82702050244 3.43136 1.10404
2473.217319636084 3.87345 1.12656
2473.607618769727 4.155 1.14132
2473.997917903371 3.18139 1.09358
2474.388217037014 2.88894 1.07615
2474.778516170658 1.89144 1.00995
2475.168815304301 3.41467 1.09702
2475.559114437945 3.25984 1.09008
2475.949413571588 2.37261 1.03079
2476.339712705231 3.42462 1.0918
2476.730011838875 4.06934 1.12196
2477.120310972519 3.84374 1.12252
2477.510610106162 3.6098 1.1075
2477.900909239806 1.87956 0.86834
2478.291208373449 2.9955 0.910371
2478.681507507092 3.51037 0.939359
2479.071806640736 5.33303 0.936734
2479.462105774379 6.08162 0.949077
2479.852404908023 3.99158 0.857912
2480.242704041667 2.89559 0.80774
2480.63300317531 4.09637 0.863934
2481.023302308953 4.27426 0.87588
2481.413601442596 5.69492 0.938059
2481.803900576241 4.47583 0.882245
2482.194199709884 3.49547 0.846329
2482.584498843527 4.1359 0.876965
2482.974797977171 4.20088 0.878737
2483.365097110815 3.91895 0.86968
2483.755396244458 3.78862 0.866032
2484.145695378101 4.61112 0.902393
2484.535994511745 3.32837 0.845216
2484.926293645388 4.31732 0.887801
2485.316592779032 3.97758 0.876464
2485.706891912675 3.99038 0.871009
2486.097191046319 4.49766 0.897311
2486.487490179962 3.83428 0.871152
2486.877789313606 4.38037 0.901023
2487.268088447249 4.6417 0.91334
2487.658387580893 2.75479 0.827074
2488.048686714536 2.80173 0.829849
2488.43898584818 4.9505 0.924137
2488.829284981823 4.12633 0.887117
2489.219584115467 3.49755 0.873021
2489.60988324911 4.39779 0.90188
2490.000182382754 3.78896 0.867873
2490.390481516397 3.89394 0.875093
2490.780780650041 3.89243 0.877635
2491.171079783684 3.6439 0.863631
2491.561378917328 4.20044 0.888484
2491.951678050971 3.66689 0.862116
2492.341977184615 2.72589 0.825441
2492.732276318258 3.43411 0.85329
2493.122575451902 4.24691 0.889395
2493.512874585545 3.67214 0.86592
2493.903173719189 3.35163 0.845517
2494.293472852832 2.86616 0.820826
2494.683771986476 2.48391 0.810071
2495.074071120119 3.66164 0.861534
2495.464370253763 2.71991 0.815842
2495.854669387407 3.0091 0.831123
2496.24496852105 3.97265 0.876875
2496.635267654694 4.39511 0.887853
2497.025566788337 4.07199 0.867086
2497.415865921981 3.49692 0.77794
2497.806165055624 3.35704 0.764326
2498.196464189268 3.27869 0.761059
2498.586763322911 3.51053 0.770623
2498.977062456555 3.98341 0.790569
2499.367361590198 3.66879 0.777083
2499.757660723841 4.03821 0.788644
2500.147959857485 3.42426 0.761029
2500.538258991129 3.86497 0.784239
2500.928558124772 4.12873 0.793932
2501.318857258416 3.69837 0.777093
2501.709156392059 4.34529 0.800623
2502.099455525703 4.32823 0.804981
2502.489754659346 3.91523 0.787622
2502.880053792989 3.5363 0.770734
2503.270352926633 3.80154 0.78183
2503.660652060277 4.05976 0.791052
2504.05095119392 4.53861 0.80618
2504.441250327564 3.97507 0.787427
2504.831549461207 3.17824 0.756567
2505.22184859485 3.2022 0.754061
2505.612147728494 4.07035 0.78851
2506.002446862137 4.10262 0.791226
2506.392745995781 4.06394 0.789923
2506.783045129425 4.0948 0.789988
2507.173344263068 3.64854 0.776376
2507.563643396711 3.32653 0.767663
2507.953942530354 4.40853 0.802063
2508.344241663998 3.94621 0.782048
2508.734540797642 3.28312 0.760371
2509.124839931285 2.95513 0.743534
2509.515139064929 3.88112 0.777781
2509.905438198573 3.83475 0.774116
2510.295737332216 2.7845 0.733805
2510.68603646586 2.70258 0.72774
2511.076335599503 3.39967 0.754939
2511.466634733146 3.36307 0.75798
2511.85693386679 3.61416 0.767028
2512.247233000434 3.83998 0.771855
2512.637532134077 3.80855 0.770028
2513.02783126772 3.50561 0.761799
2513.418130401364 3.53875 0.764436
2513.808429535007 3.92057 0.778073
2514.198728668651 3.58079 0.765812
2514.589027802294 3.20395 0.749298
2514.979326935938 3.89675 0.772923
2515.369626069581 3.07073 0.740252
2515.759925203225 2.54934 0.723532
2516.150224336868 3.538 0.76131
2516.540523470511 4.29573 0.787705
2516.930822604155 4.35017 0.786453
2517.321121737799 4.34852 0.789824
2517.711420871442 3.32739 0.749267
2518.101720005085 2.86574 0.734417
2518.492019138729 3.51706 0.758404
2518.882318272372 4.43106 0.793816
2519.272617406016 3.71939 0.766254
2519.66291653966 3.1574 0.7462
2520.053215673303 3.34207 0.755034
2520.443514806947 4.05752 0.779744
2520.83381394059 4.30931 0.787232
2521.224113074234 2.8376 0.730262
2521.614412207877 3.14231 0.739814
2522.004711341521 3.61195 0.756917
2522.395010475164 3.42208 0.75491
2522.785309608808 4.11537 0.779453
2523.175608742451 3.74558 0.761865
2523.565907876095 3.59082 0.75604
2523.956207009738 2.97346 0.730472
2524.346506143382 3.02204 0.733288
2524.736805277025 3.44863 0.748528
2525.127104410669 3.11427 0.738057
2525.517403544312 3.95103 0.770743
2525.907702677956 3.79035 0.76422
2526.298001811599 3.95435 0.768707
2526.688300945242 3.56857 0.749068
2527.078600078886 3.72016 0.76261
2527.46889921253 3.88449 0.769816
2527.859198346174 4.02897 0.772433
2528.249497479817 3.92781 0.770227
2528.63979661346 3.92895 0.768365
2529.030095747104 4.49264 0.786658
2529.420394880747 4.25544 0.777438
2529.810694014391 3.88382 0.767314
2530.200993148034 3.01972 0.730999
2530.591292281678 2.95074 0.724668
2530.981591415321 3.84502 0.75947
2531.371890548965 3.86186 0.762279
2531.762189682608 3.69842 0.751947
2532.152488816252 3.17542 0.738936
2532.542787949895 4.20444 0.780728
2532.933087083539 3.72737 0.757393
2533.323386217182 3.49608 0.746064
2533.713685350826 3.58946 0.753881
2534.103984484469 3.30647 0.744568
2534.494283618113 2.85428 0.726938
2534.884582751756 3.09031 0.732474
2535.2748818854 3.1461 0.737976
2535.665181019043 3.27655 0.744515
2536.055480152687 3.89735 0.764673
2536.44577928633 4.2182 0.777056
2536.836078419973 2.71297 0.715427
2537.226377553618 1.77595 0.676061
2537.616676687261 3.56816 0.748749
2538.006975820905 3.37746 0.745556
2538.397274954548 2.7595 0.721772
2538.787574088191 4.24741 0.773071
2539.177873221835 4.3617 0.77874
2539.568172355478 3.74867 0.754724
2539.958471489122 3.50918 0.744215
2540.348770622765 2.75497 0.71565
2540.739069756409 2.49855 0.70662
2541.129368890052 2.70739 0.715722
2541.519668023696 3.00218 0.725805
2541.909967157339 3.4742 0.736765
2542.300266290983 3.21471 0.731231
2542.690565424626 3.00991 0.728186
2543.08086455827 3.68245 0.750824
2543.471163691913 3.13694 0.728619
2543.861462825557 2.85036 0.716639
2544.2517619592 3.7357 0.748325
2544.642061092843 3.1382 0.727799
2545.032360226487 2.86443 0.718154
2545.42265936013 3.11144 0.726409
2545.812958493774 3.43689 0.74011
2546.203257627417 3.24041 0.729039
2546.593556761062 3.42776 0.73658
2546.983855894704 3.53161 0.735021
2547.374155028348 2.86905 0.715032
2547.764454161992 4.30343 0.773855
2548.154753295635 4.85431 0.793433
2548.545052429279 4.23118 0.767179
2548.935351562922 4.24765 0.769492
2549.325650696566 3.74329 0.75109
2549.715949830209 4.0111 0.757536
2550.106248963853 3.10848 0.723864
2550.496548097496 3.53861 0.744207
2550.88684723114 4.87762 0.795572
2551.277146364783 3.67448 0.749019
2551.667445498427 2.94841 0.716597
2552.05774463207 3.47292 0.739295
2552.448043765714 3.69809 0.750328
2552.838342899357 3.30002 0.7314
2553.228642033001 3.74432 0.749196
2553.618941166644 3.40207 0.735123
2554.009240300288 2.66513 0.703191
2554.399539433931 3.27877 0.728495
2554.789838567574 3.43137 0.737499
2555.180137701218 3.92562 0.755351
2555.570436834861 3.55391 0.741658
2555.960735968506 3.62738 0.747619
2556.351035102149 3.74594 0.751381
2556.741334235793 3.07415 0.72319
2557.131633369436 3.64144 0.745464
2557.521932503079 3.25834 0.729002
2557.912231636723 3.01148 0.717707
2558.302530770366 3.08016 0.721743
2558.69282990401 3.10022 0.725575
2559.083129037653 3.75779 0.754587
2559.473428171297 3.21781 0.733155
2559.86372730494 3.38351 0.730461
2560.254026438583 3.62715 0.745487
2560.644325572227 2.88955 0.717482
2561.03462470587 2.3376 0.692544
2561.424923839514 2.6853 0.708182
2561.815222973158 3.31959 0.736181
2562.205522106801 3.30995 0.732108
2562.595821240445 3.57356 0.741242
2562.986120374088 3.57674 0.745282
2563.376419507731 3.22522 0.733612
2563.766718641375 3.15053 0.727787
2564.157017775018 3.4522 0.739564
2564.547316908662 3.7018 0.751815
2564.937616042306 4.07297 0.763277
2565.327915175949 3.09855 0.722806
2565.718214309593 3.08866 0.724293
2566.108513443236 3.42126 0.738295
2566.49881257688 3.48959 0.741105
2566.889111710523 2.9104 0.720234
2567.279410844167 3.19594 0.73425
2567.66970997781 3.68703 0.751513
2568.060009111454 4.07276 0.769249
2568.450308245097 4.50678 0.78364
2568.840607378741 3.07791 0.728622
2569.230906512384 2.05911 0.689487
2569.621205646028 3.19501 0.732623
2570.011504779671 3.96428 0.766872
2570.401803913314 3.76568 0.757617
2570.792103046958 3.68255 0.750511
2571.182402180601 3.33105 0.741205
2571.572701314245 3.51685 0.747145
2571.963000447889 4.96156 0.798102
2572.353299581532 4.75385 0.791889
2572.743598715176 3.34035 0.738256
2573.133897848819 2.64511 0.71285
2573.524196982462 2.27644 0.694139
2573.914496116106 2.50749 0.70568
2574.304795249749 3.20548 0.735286
2574.695094383393 3.75312 0.755199
2575.085393517037 3.54231 0.749082
2575.475692650681 2.31211 0.706972
2575.865991784324 2.65402 0.718234
2576.256290917967 2.77023 0.718677
2576.646590051611 2.84979 0.72349
2577.036889185254 2.96903 0.734022
2577.427188318898 3.10131 0.738699
2577.817487452541 3.04215 0.732162
2578.207786586185 3.32596 0.740631
2578.598085719828 2.83581 0.721165
2578.988384853472 3.08613 0.733059
2579.378683987115 2.85818 0.726054
2579.768983120759 2.84967 0.725453
2580.159282254402 3.55271 0.750605
2580.549581388046 3.23918 0.737914
2580.939880521689 2.98741 0.72833
2581.330179655332 2.83985 0.721753
2581.720478788976 2.56319 0.711512
2582.11077792262 3.50178 0.750337
2582.501077056263 4.24968 0.777406
2582.891376189907 4.2347 0.775869
2583.28167532355 3.45596 0.749522
2583.671974457193 2.8075 0.719083
2584.062273590837 2.56795 0.709606
2584.452572724481 2.78467 0.719813
2584.842871858124 3.53842 0.746485
2585.233170991768 3.41151 0.74499
2585.623470125412 3.22871 0.739012
2586.013769259055 2.59427 0.711066
2586.404068392698 1.93139 0.68133
2586.794367526342 2.50276 0.707195
2587.184666659985 3.19171 0.736918
2587.574965793629 2.95634 0.730769
2587.965264927272 3.64203 0.757569
2588.355564060915 3.96447 0.771274
2588.74586319456 3.92388 0.766655
2589.136162328202 3.55034 0.752305
2589.526461461846 2.9947 0.728366
2589.916760595489 2.88062 0.72319
2590.307059729133 3.3701 0.742349
2590.697358862777 3.64583 0.751996
2591.08765799642 3.49376 0.748813
2591.477957130063 4.48473 0.784905
2591.868256263707 4.21291 0.774305
2592.25855539735 3.03282 0.731753
2592.648854530994 3.66039 0.755648
2593.039153664637 3.89261 0.762619
2593.42945279828 3.4589 0.74948
2593.819751931925 3.03283 0.732204
2594.210051065568 3.64813 0.752095
2594.600350199211 3.57416 0.749494
2594.990649332855 3.74353 0.758543
2595.380948466499 4.49042 0.787664
2595.771247600142 3.71006 0.756193
2596.161546733786 3.71362 0.753233
2596.551845867429 3.70929 0.754171
2596.942145001072 3.37281 0.739842
2597.332444134716 3.18124 0.732901
2597.722743268359 3.81236 0.76075
2598.113042402003 3.41536 0.747082
2598.503341535646 2.94913 0.729289
2598.89364066929 3.41532 0.744574
2599.283939802934 2.62493 0.708264
2599.674238936577 1.75415 0.6757
2600.06453807022 2.37656 0.69977
2600.454837203864 2.97228 0.730175
2600.845136337507 2.36948 0.704273
2601.235435471151 2.83793 0.723185
2601.625734604794 3.60733 0.752351
2602.016033738438 3.79543 0.760844
2602.406332872082 3.38638 0.749675
2602.796632005725 3.71628 0.756928
2603.186931139369 3.58259 0.750546
2603.577230273012 2.30909 0.698955
2603.967529406656 2.07136 0.687788
2604.357828540299 2.94238 0.724143
2604.748127673943 2.55511 0.711238
2605.138426807586 2.62775 0.713428
2605.52872594123 2.88801 0.726635
2605.919025074873 3.04836 0.733214
2606.309324208517 3.04145 0.73166
2606.69962334216 2.63657 0.712886
2607.089922475804 3.00157 0.734264
2607.480221609447 3.88931 0.771677
2607.870520743091 4.17284 0.774467
2608.260819876734 3.99734 0.770992
2608.651119010377 3.69832 0.757981
2609.041418144021 3.24809 0.740293
2609.431717277665 3.76647 0.764269
2609.822016411308 3.12187 0.73671
2610.212315544951 3.53108 0.751616
2610.602614678596 3.83365 0.764462
2610.992913812239 3.79615 0.761804
2611.383212945883 4.18469 0.776787
2611.773512079526 4.44084 0.79134
2612.163811213169 4.5482 0.794742
2612.554110346813 3.59482 0.75682
2612.944409480456 2.91372 0.73212
2613.3347086141 3.69063 0.763782
2613.725007747743 4.23179 0.7798
2614.115306881387 3.53344 0.75563
2614.505606015031 3.49134 0.755038
2614.895905148674 3.70801 0.763236
2615.286204282317 3.81887 0.770647
2615.676503415961 3.6528 0.766042
2616.066802549604 3.57411 0.761044
2616.457101683248 3.27394 0.748507
2616.847400816891 2.74248 0.725352
2617.237699950534 3.5588 0.758239
2617.627999084179 2.79665 0.729286
2618.018298217821 2.16593 0.703689
2618.408597351465 2.6717 0.726865
2618.798896485108 3.26341 0.751419
2619.189195618752 3.92386 0.774759
2619.579494752396 3.41532 0.751778
2619.969793886039 2.76907 0.73086
2620.360093019682 4.05189 0.782513
2620.750392153326 4.02123 0.774184
2621.14069128697 3.02914 0.736899
2621.530990420613 3.61428 0.760853
2621.921289554256 2.95923 0.735882
2622.3115886879 1.73551 0.6874
2622.701887821544 2.09304 0.703106
2623.092186955187 2.5869 0.724008
2623.48248608883 2.40449 0.717329
2623.872785222473 2.37472 0.71032
2624.263084356118 2.65685 0.721921
2624.653383489761 3.26504 0.748749
2625.043682623404 2.86594 0.73554
2625.433981757048 3.23285 0.752149
2625.824280890691 3.6154 0.764324
2626.214580024335 3.34388 0.758415
2626.604879157978 3.59282 0.765075
2626.995178291621 4.43625 0.799793
2627.385477425265 4.53562 0.803342
2627.775776558909 3.34165 0.75618
2628.166075692552 3.1422 0.74951
2628.556374826195 4.30884 0.792028
2628.946673959839 5.00101 0.820523
2629.336973093483 3.92469 0.779503
2629.727272227126 2.99012 0.74852
2630.117571360769 3.85334 0.773582
2630.507870494413 3.35565 0.751857
2630.898169628057 3.05607 0.747059
2631.2884687617 2.8351 0.736431
2631.678767895344 2.68387 0.728821
2632.069067028987 2.20882 0.71237
2632.459366162631 3.38983 0.759127
2632.849665296275 3.69164 0.771255
2633.239964429918 2.58444 0.726383
2633.630263563561 3.39182 0.763386
2634.020562697205 3.31236 0.75523
2634.410861830848 3.86079 0.777983
2634.801160964492 4.17514 0.788628
2635.191460098135 3.56395 0.768204
2635.581759231779 3.18352 0.755468
2635.972058365422 2.9839 0.745375
2636.362357499066 2.56043 0.72875
2636.752656632709 3.09315 0.753921
2637.142955766353 3.57967 0.766679
2637.533254899996 4.62503 0.8086
2637.92355403364 4.02724 0.791097
2638.313853167283 4.32385 0.802214
2638.704152300927 4.16889 0.792563
2639.09445143457 3.53596 0.770841
2639.484750568214 3.81905 0.781505
2639.875049701858 2.71784 0.736233
2640.265348835501 2.29531 0.716543
2640.655647969145 2.83056 0.734767
2641.045947102788 3.13559 0.749046
2641.436246236432 3.20423 0.756334
2641.826545370075 3.14136 0.75008
2642.216844503718 3.58063 0.767614
2642.607143637362 3.83985 0.781162
2642.997442771006 3.85988 0.780168
2643.387741904649 3.51657 0.767221
2643.778041038293 3.36549 0.758256
2644.168340171935 3.0494 0.747442
2644.55863930558 3.03493 0.748337
2644.948938439223 2.7783 0.739504
2645.339237572866 3.36973 0.762698
2645.72953670651 3.75237 0.777611
2646.119835840153 2.81912 0.741992
2646.510134973797 2.5539 0.731428
2646.90043410744 2.62922 0.732489
2647.290733241083 2.05068 0.709768
2647.681032374727 2.4756 0.726159
2648.071331508372 3.24973 0.75796
2648.461630642015 3.10228 0.755927
2648.851929775658 3.14977 0.756084
2649.2422289093 3.11889 0.750574
2649.632528042945 3.75361 0.780373
2650.022827176589 3.01588 0.752625
2650.413126310232 3.89042 0.78563
2650.803425443875 3.52424 0.770017
2651.193724577519 3.21198 0.75686
2651.584023711163 3.61316 0.771006
2651.974322844806 3.80768 0.779279
2652.364621978449 4.12671 0.794992
2652.754921112092 4.25153 0.799055
2653.145220245737 3.70974 0.776576
2653.53551937938 2.63497 0.734386
2653.925818513023 2.38904 0.726999
2654.316117646667 3.62632 0.775231
2654.70641678031 3.24829 0.762451
2655.096715913954 2.4111 0.72228
2655.487015047597 2.62916 0.733642
2655.87731418124 3.95901 0.787181
2656.267613314884 3.99458 0.792158
2656.657912448528 3.36503 0.772802
2657.048211582171 2.63028 0.744729
2657.438510715814 2.42027 0.739108
2657.828809849458 3.42651 0.775406
2658.219108983102 3.67231 0.783045
2658.609408116745 4.13894 0.801258
2658.999707250389 3.81811 0.789705
2659.390006384032 2.51704 0.739537
2659.780305517676 2.54191 0.735705
2660.170604651319 1.89522 0.708178
2660.560903784963 2.13279 0.719342
2660.951202918606 4.17553 0.799398
2661.34150205225 4.97512 0.831005
2661.731801185893 4.2742 0.803313
2662.122100319537 2.97851 0.753268
2662.51239945318 3.3127 0.770504
2662.902698586823 3.04865 0.759818
2663.292997720467 3.05878 0.756773
2663.683296854111 3.72224 0.785254
2664.073595987754 3.74097 0.785613
2664.463895121398 3.36093 0.770982
2664.854194255041 3.66804 0.783282
2665.244493388685 3.90678 0.79723
2665.634792522328 3.42829 0.777312
2666.025091655971 3.52764 0.780616
2666.415390789615 3.53067 0.784101
2666.805689923259 4.13003 0.807362
2667.195989056903 4.07357 0.805907
2667.586288190546 3.31803 0.773481
2667.976587324189 2.93562 0.755041
2668.366886457833 3.45434 0.779488
2668.757185591476 3.85043 0.796057
2669.14748472512 4.66426 0.826071
2669.537783858763 3.65908 0.785517
2669.928082992407 2.58582 0.747721
2670.31838212605 3.08469 0.766061
2670.708681259694 2.75615 0.753547
2671.098980393337 3.66459 0.793193
2671.489279526981 3.68277 0.79296
2671.879578660624 3.21447 0.770394
2672.269877794268 3.26721 0.775165
2672.660176927911 3.65878 0.794294
2673.050476061555 3.75805 0.800659
2673.440775195198 4.00561 0.811796
2673.831074328842 3.58408 0.790332
2674.221373462485 3.49332 0.78308
2674.611672596129 3.37257 0.779092
2675.001971729772 2.88128 0.764842
2675.392270863416 2.11204 0.73735
2675.782569997059 2.69088 0.755573
2676.172869130702 2.90263 0.764901
2676.563168264346 3.34624 0.783061
2676.95346739799 3.97869 0.806953
2677.343766531634 3.69404 0.796383
2677.734065665277 4.25532 0.816935
2678.124364798921 4.16514 0.814932
2678.514663932564 4.02043 0.809354
2678.904963066207 3.97652 0.803563
2679.295262199851 3.81585 0.800833
2679.685561333494 4.19621 0.815636
2680.075860467138 4.05014 0.809009
2680.466159600782 4.41761 0.829249
2680.856458734424 4.23764 0.822485
2681.246757868068 3.29854 0.783115
2681.637057001711 3.89447 0.807705
2682.027356135355 4.23213 0.82252
2682.417655268999 4.20541 0.819486
2682.807954402642 4.13855 0.815132
2683.198253536286 3.77712 0.800657
2683.588552669929 4.31981 0.824628
2683.978851803572 3.62233 0.80136
2684.369150937216 3.37905 0.7942
2684.759450070859 4.36095 0.827532
2685.149749204503 4.24981 0.823391
2685.540048338147 3.53838 0.79562
2685.930347471791 3.31613 0.784224
2686.320646605434 3.26711 0.784891
2686.710945739077 2.87797 0.771916
2687.101244872721 3.54151 0.794773
2687.491544006364 4.06877 0.817724
2687.881843140008 4.12751 0.823222
2688.272142273651 3.98764 0.816278
2688.662441407295 4.51489 0.834247
2689.052740540938 4.44235 0.833096
2689.443039674582 3.39477 0.79316
2689.833338808225 3.66426 0.801523
2690.223637941869 3.54516 0.798345
2690.613937075512 3.24654 0.786177
2691.004236209156 3.83965 0.81094
2691.394535342799 3.62575 0.80544
2691.784834476442 5.02473 0.856631
2692.175133610086 4.99567 0.854836
2692.56543274373 3.648 0.802527
2692.955731877373 2.46817 0.759273
2693.346031011017 2.7079 0.770176
2693.73633014466 4.13302 0.823501
2694.126629278304 4.03899 0.817165
2694.516928411947 4.73217 0.840856
2694.90722754559 4.46675 0.83775
2695.297526679234 3.03782 0.784667
2695.687825812878 3.46116 0.79938
2696.078124946522 4.43981 0.83944
2696.468424080164 3.24647 0.791633
2696.858723213808 3.60785 0.799422
2697.249022347452 4.04229 0.819052
2697.639321481095 3.56451 0.806418
2698.029620614739 4.86549 0.852481
2698.419919748382 3.69484 0.804899
2698.810218882026 2.86803 0.774475
2699.20051801567 3.65684 0.805267
2699.590817149312 4.04294 0.828545
2699.981116282956 3.75339 0.817091
2700.371415416599 4.26587 0.83609
2700.761714550243 5.03192 0.863077
2701.152013683887 3.81595 0.81231
2701.54231281753 3.38977 0.796525
2701.932611951173 4.2995 0.839601
2702.322911084817 5.06215 0.866979
2702.71321021846 4.37417 0.836353
2703.103509352104 3.73629 0.818699
2703.493808485747 3.60504 0.811492
2703.884107619391 3.02187 0.786081
2704.274406753035 4.0802 0.827467
2704.664705886679 4.44429 0.845756
2705.055005020322 3.32605 0.801488
2705.445304153965 2.69172 0.773518
2705.835603287609 2.65299 0.774633
2706.225902421252 3.52869 0.808827
2706.616201554896 3.69774 0.817462
2707.006500688539 3.22965 0.800626
2707.396799822183 3.50953 0.807569
2707.787098955826 4.17519 0.826853
2708.17739808947 4.13543 0.82996
2708.567697223113 5.11485 0.870593
2708.957996356757 4.36144 0.838519
2709.3482954904 4.33181 0.837594
2709.738594624044 3.93234 0.823134
2710.128893757687 3.6477 0.813853
2710.51919289133 3.74553 0.820661
2710.909492024974 4.42032 0.8436
2711.299791158618 4.38326 0.842763
2711.690090292261 4.1172 0.8328
2712.080389425905 3.70963 0.816013
2712.470688559548 3.18115 0.793676
2712.860987693191 3.26157 0.799107
2713.251286826835 3.48499 0.811553
2713.641585960478 2.75459 0.778986
2714.031885094122 2.96742 0.788627
2714.422184227766 3.78637 0.820115
2714.81248336141 3.55443 0.809597
2715.202782495053 3.38081 0.804984
2715.593081628696 3.34468 0.806076
2715.98338076234 4.16136 0.837293
2716.373679895983 4.72573 0.856407
2716.763979029627 3.75273 0.812854
2717.15427816327 3.71918 0.818478
2717.544577296914 4.23875 0.839033
2717.934876430557 4.18422 0.836002
2718.325175564201 4.20619 0.840543
2718.715474697844 4.87646 0.867245
2719.105773831488 4.94276 0.866433
2719.496072965131 5.11917 0.871082
2719.886372098775 4.45052 0.854094
2720.276671232418 3.95988 0.836652
2720.666970366061 4.12232 0.839438
2721.057269499705 4.15124 0.840287
2721.447568633349 4.84257 0.868969
2721.837867766992 4.43172 0.852792
2722.228166900636 3.96778 0.842117
2722.618466034279 4.04216 0.842181
2723.008765167923 4.05864 0.840633
2723.399064301566 4.52689 0.859405
2723.78936343521 5.07845 0.87871
2724.179662568853 4.74556 0.865625
2724.569961702497 3.47352 0.81573
2724.960260836141 3.70822 0.827849
2725.350559969784 4.28728 0.852365
2725.740859103427 3.41532 0.81715
2726.131158237071 4.57942 0.862561
2726.521457370714 5.17905 0.886189
2726.911756504358 4.33402 0.852089
2727.302055638001 4.04519 0.840441
2727.692354771644 3.89734 0.834389
2728.082653905288 4.88677 0.87788
2728.472953038931 5.7052 0.910445
2728.863252172575 4.72193 0.870167
2729.253551306218 3.21659 0.812215
2729.643850439862 3.02517 0.80987
2730.034149573506 3.65581 0.832607
2730.424448707149 3.66038 0.833784
2730.814747840792 4.18708 0.856425
2731.205046974436 4.46253 0.867218
2731.595346108079 4.08374 0.855684
2731.985645241723 4.25654 0.863194
2732.375944375367 5.14204 0.89632
2732.766243509009 4.94817 0.883489
2733.156542642654 4.70894 0.87602
2733.546841776297 4.23356 0.860905
2733.93714090994 5.18969 0.900239
2734.327440043584 5.26633 0.900967
2734.717739177228 5.07777 0.892198
2735.108038310871 5.56016 0.910692
2735.498337444515 5.34778 0.898359
2735.888636578158 4.08947 0.856714
2736.278935711801 4.67614 0.882096
2736.669234845445 5.47926 0.913709
2737.059533979088 5.39741 0.911043
2737.449833112732 6.59218 0.95471
2737.840132246375 6.1109 0.940922
2738.230431380019 4.60818 0.886885
2738.620730513662 4.88071 0.894654
2739.011029647306 5.21985 0.906283
2739.401328780949 5.92899 0.933572
2739.791627914593 5.16335 0.907361
2740.181927048236 5.2315 0.905388
2740.57222618188 5.90013 0.931641
2740.962525315523 4.964 0.900793
2741.352824449167 4.4841 0.880246
2741.743123582811 4.39446 0.875992
2742.133422716454 5.72998 0.927127
2742.523721850098 6.03155 0.940623
2742.914020983741 5.20163 0.908578
2743.304320117385 5.60716 0.924472
2743.694619251028 4.55179 0.883972
2744.084918384672 4.71366 0.8894
2744.475217518315 6.05466 0.945339
2744.865516651959 6.00215 0.945702
2745.255815785602 7.03449 0.97712
2745.646114919246 6.24162 0.944577
2746.036414052889 4.80188 0.898104
2746.426713186533 4.16844 0.878353
2746.817012320176 4.34521 0.878736
2747.20731145382 4.92635 0.906431
2747.597610587463 5.17908 0.920219
2747.987909721106 5.72231 0.935933
2748.37820885475 5.65743 0.93474
2748.768507988394 6.2506 0.956897
2749.158807122037 5.85931 0.940483
2749.54910625568 5.69817 0.935133
2749.939405389325 5.93825 0.944395
2750.329704522968 5.06174 0.913058
2750.720003656612 4.09017 0.873567
2751.110302790255 4.21835 0.878075
2751.500601923898 4.92804 0.904352
2751.890901057542 5.68324 0.93399
2752.281200191185 5.88492 0.940434
2752.671499324829 5.91659 0.940623
2753.061798458472 5.9393 0.941916
2753.452097592116 5.99792 0.938748
2753.84239672576 5.56801 0.923087
2754.232695859403 5.46155 0.920855
2754.622994993046 5.64898 0.930789
2755.01329412669 5.81355 0.941653
2755.403593260333 5.71082 0.934895
2755.793892393977 4.83064 0.903699
2756.18419152762 4.35553 0.884558
2756.574490661263 5.00606 0.909842
2756.964789794908 6.19262 0.95879
2757.35508892855 6.34153 0.964759
2757.745388062194 6.31414 0.963911
2758.135687195837 6.08394 0.956186
2758.525986329481 7.08377 0.988002
2758.916285463125 6.54798 0.969096
2759.306584596768 5.95036 0.94567
2759.696883730411 7.27479 0.99155
2760.087182864055 6.09931 0.956437
2760.477481997699 5.50023 0.934974
2760.867781131342 6.21441 0.962522
2761.258080264985 6.7671 0.982946
2761.648379398629 7.28422 0.999093
2762.038678532273 6.97387 0.981504
2762.428977665916 5.23396 0.922865
2762.819276799559 5.18169 0.927909
2763.209575933202 5.77789 0.947721
2763.599875066847 6.24718 0.963057
2763.99017420049 5.55442 0.938009
2764.380473334133 6.67666 0.978946
2764.770772467777 6.8209 0.983094
2765.16107160142 6.41212 0.966504
2765.551370735064 6.36552 0.961807
2765.941669868707 6.91469 0.983651
2766.33196900235 6.25049 0.964609
2766.722268135994 6.31541 0.965619
2767.112567269638 5.82572 0.947692
2767.502866403281 5.42051 0.933313
2767.893165536924 5.07 0.919207
2768.283464670568 4.91426 0.917608
2768.673763804212 5.45038 0.938268
2769.064062937856 5.08417 0.919494
2769.454362071498 6.28306 0.964584
2769.844661205142 6.39496 0.97626
2770.234960338786 5.16023 0.929446
2770.625259472429 5.85413 0.953314
2771.015558606073 6.50019 0.981261
2771.405857739716 6.10398 0.968958
2771.79615687336 6.15356 0.96615
2772.186456007004 5.56049 0.950134
2772.576755140647 5.33869 0.944605
2772.96705427429 5.93171 0.967271
2773.357353407934 6.21698 0.977342
2773.747652541577 5.9362 0.963548
2774.137951675221 5.12997 0.93271
2774.528250808864 4.03457 0.892892
2774.918549942508 3.7145 0.883572
2775.308849076151 3.97424 0.901876
2775.699148209795 4.5929 0.924451
2776.089447343438 4.57515 0.922303
2776.479746477082 4.88921 0.932112
2776.870045610725 4.5566 0.923758
2777.260344744369 4.59287 0.926542
2777.650643878012 5.63611 0.961205
2778.040943011656 5.23749 0.953094
2778.431242145299 3.37529 0.882399
2778.821541278943 3.49141 0.882278
2779.211840412587 3.95755 0.900278
2779.60213954623 4.3495 0.916967
2779.992438679874 3.98746 0.901025
2780.382737813517 3.97437 0.897646
2780.773036947161 4.54801 0.918066
2781.163336080804 4.34769 0.913102
2781.553635214447 4.95195 0.938955
2781.943934348091 4.34064 0.919317
2782.334233481735 3.74814 0.891854
2782.724532615378 4.4704 0.916092
2783.114831749022 4.28685 0.90448
2783.505130882665 5.01312 0.940764
2783.895430016309 5.12591 0.946548
2784.285729149952 3.496 0.88479
2784.676028283595 4.01924 0.903533
2785.066327417239 5.31852 0.951291
2785.456626550882 5.60239 0.967779
2785.846925684526 5.21642 0.950581
2786.237224818169 4.59779 0.929321
2786.627523951812 4.32015 0.92255
2787.017823085456 5.10669 0.948751
2787.408122219101 4.22386 0.914151
2787.798421352744 3.23395 0.878985
2788.188720486387 4.52665 0.9283
2788.579019620031 4.26461 0.912499
2788.969318753674 3.78669 0.89693
2789.359617887318 3.44259 0.885639
2789.749917020961 4.14366 0.909913
2790.140216154604 5.00185 0.948613
2790.530515288248 4.20628 0.916225
2790.920814421892 4.12623 0.913563
2791.311113555535 4.92592 0.946505
2791.701412689178 4.61188 0.934036
2792.091711822821 4.24831 0.926538
2792.482010956466 4.54507 0.936064
2792.872310090109 4.96404 0.950324
2793.262609223752 3.19301 0.882953
2793.652908357396 3.3519 0.889508
2794.043207491039 4.02388 0.915235
2794.433506624683 3.4055 0.891185
2794.823805758326 2.95122 0.877374
2795.214104891969 3.52478 0.900343
2795.604404025613 2.45497 0.852217
2795.994703159257 1.79492 0.826069
2796.3850022929 1.45731 0.811637
2796.775301426543 2.22654 0.84179
2797.165600560187 3.06122 0.883341
2797.555899693831 2.88425 0.881389
2797.946198827474 2.87882 0.884821
2798.336497961118 3.42536 0.903394
2798.726797094761 4.07141 0.92499
2799.117096228405 4.77019 0.954635
2799.507395362048 4.4999 0.947463
2799.897694495692 2.75807 0.876162
2800.287993629335 3.15849 0.893999
2800.678292762979 3.32423 0.902128
2801.068591896622 2.80523 0.880177
2801.458891030266 3.7948 0.916881
2801.849190163909 3.10202 0.89224
2802.239489297552 2.72622 0.875336
2802.629788431196 3.11522 0.890262
2803.02008756484 2.40914 0.859784
2803.410386698483 2.04177 0.841969
2803.800685832127 3.11315 0.885377
2804.19098496577 4.06698 0.923059
2804.581284099414 4.14361 0.93346
2804.971583233057 3.65717 0.911223
2805.3618823667 2.60688 0.865496
2805.752181500344 3.78239 0.916537
2806.142480633988 3.20177 0.894873
2806.532779767632 3.45758 0.905285
2806.923078901275 3.92109 0.92723
2807.313378034918 4.62492 0.955006
2807.703677168562 4.45723 0.951141
2808.093976302205 4.13649 0.940702
2808.484275435849 3.53573 0.918128
2808.874574569492 3.12262 0.90476
2809.264873703136 3.29154 0.912782
2809.65517283678 3.13787 0.902179
2810.045471970423 3.88839 0.935672
2810.435771104066 3.93172 0.933642
2810.82607023771 4.02437 0.938939
2811.216369371353 2.53141 0.879415
2811.606668504997 1.99691 0.858249
2811.99696763864 4.95229 0.975995
2812.387266772283 4.3451 0.951969
2812.777565905927 3.33623 0.917198
2813.167865039571 3.13197 0.909964
2813.558164173214 3.62805 0.928378
2813.948463306858 3.57574 0.92798
2814.338762440501 2.86426 0.900292
2814.729061574145 3.04411 0.903907
2815.119360707789 3.83787 0.931308
2815.509659841431 4.91258 0.979016
2815.899958975075 3.15989 0.911273
2816.290258108719 2.62166 0.889476
2816.680557242363 3.70605 0.934043
2817.070856376006 3.96824 0.948454
2817.461155509649 3.467 0.923885
2817.851454643293 3.25641 0.921564
2818.241753776936 2.79039 0.900113
2818.63205291058 2.49954 0.879291
2819.022352044223 2.88153 0.901426
2819.412651177867 3.345 0.926016
2819.802950311511 3.86137 0.950026
2820.193249445154 3.87721 0.949231
2820.583548578797 2.39604 0.884139
2820.97384771244 3.78333 0.943029
2821.364146846084 4.07975 0.956773
2821.754445979728 3.04071 0.915714
2822.144745113371 3.31189 0.936932
2822.535044247015 3.3216 0.934607
2822.925343380658 3.79143 0.951637
2823.315642514301 2.24782 0.888955
2823.705941647945 3.06097 0.91632
2824.096240781588 4.00963 0.964073
2824.486539915232 3.93914 0.962211
2824.876839048876 3.20667 0.930544
2825.26713818252 2.42018 0.898763
2825.657437316163 3.55755 0.944618
2826.047736449806 4.36623 0.976112
2826.43803558345 2.7242 0.90359
2826.828334717093 2.77102 0.9131
2827.218633850737 3.3778 0.935806
2827.60893298438 3.70732 0.94521
2827.999232118024 3.01502 0.915613
2828.389531251667 3.08526 0.921275
2828.779830385311 3.04531 0.918604
2829.170129518954 2.90021 0.910272
2829.560428652598 4.45244 0.968564
2829.950727786241 4.18301 0.957671
2830.341026919885 3.7756 0.942203
2830.731326053528 3.54716 0.935342
2831.121625187171 3.85235 0.948094
2831.511924320815 4.07293 0.952979
2831.902223454459 4.32911 0.966346
2832.292522588102 3.76738 0.941919
2832.682821721746 3.8408 0.938604
2833.073120855389 3.3564 0.91964
2833.463419989032 3.00171 0.908073
2833.853719122676 4.33623 0.957542
2834.244018256319 3.7859 0.941341
2834.634317389963 3.82174 0.939586
2835.024616523607 4.73121 0.999027
2835.414915657251 4.62268 0.987339
2835.805214790894 3.85704 0.978972
2836.195513924537 3.5405 1.03886
2836.585813058181 3.80172 1.05335
2836.976112191824 2.39994 0.986964
2837.366411325468 2.97689 1.02242
2837.756710459111 2.19714 0.985191
2838.147009592755 2.19965 0.985142
2838.537308726398 1.74716 0.958409
2838.927607860041 3.73707 1.05333
2839.317906993685 2.83098 1.01737
2839.708206127328 2.74295 1.02127
2840.098505260972 4.8782 1.11336
2840.488804394616 4.32181 1.08448
2840.879103528259 3.47181 1.04946
2841.269402661903 2.47538 1.00292
2841.659701795546 3.38334 1.04103
2842.050000929189 4.17075 1.08414
2842.440300062833 3.62436 1.05862
2842.830599196476 2.78986 1.02259
2843.22089833012 3.09011 1.03907
2843.611197463764 4.76372 1.1108
2844.001496597407 4.30797 1.08564
2844.391795731051 3.55917 1.06223
2844.782094864694 2.71915 1.02892
2845.172393998338 2.90833 1.03057
2845.562693131981 2.64298 1.01593
2845.952992265625 2.70438 1.0235
2846.343291399268 3.76788 1.07523
2846.733590532912 3.00724 1.03932
2847.123889666555 3.61789 1.06626
2847.514188800199 1.53043 0.962057
2847.904487933842 0.955025 0.940719
2848.294787067486 5.16202 1.12637
2848.685086201129 4.42948 1.08892
2849.075385334772 3.65333 1.05505
2849.465684468416 4.70976 1.1
2849.855983602059 2.93755 1.01697
2850.246282735703 1.55737 0.9549
2850.636581869347 2.98577 1.01601
2851.02688100299 3.96086 1.06021
2851.417180136634 3.62493 1.04285
2851.807479270277 5.00152 1.10455
2852.19777840392 4.38469 1.0638
2852.588077537564 3.19029 1.01414
2852.978376671208 3.33096 1.0211
2853.368675804851 3.70094 1.03686
2853.758974938495 4.62016 1.07711
2854.149274072139 3.78464 1.03657
2854.539573205782 3.20579 1.00902
2854.929872339425 3.6438 1.02555
2855.320171473069 5.39245 1.13573
2855.710470606712 3.65393 1.04351
2856.100769740356 3.4167 1.12393
2856.491068873999 3.91995 1.30791
2856.881368007643 5.20524 1.4643
2857.271667141286 3.03338 1.35096
2857.66196627493 2.57203 1.32675
2858.052265408573 2.37093 1.31938
2858.442564542217 3.42929 1.39366
2858.83286367586 4.10147 1.41818
2859.223162809504 4.31879 1.51383
2859.613461943147 1.37204 1.34295
2860.00376107679 2.60621 1.4174
2860.394060210434 2.80821 1.43004
2860.784359344078 1.34306 1.34589
2861.174658477722 0.706676 1.30656
2861.564957611365 3.14828 1.44765
2861.955256745008 3.49939 1.47302
2862.345555878652 3.59912 1.49134
2862.735855012295 2.30563 1.41783
2863.126154145939 2.62871 1.42831
2863.516453279582 1.95272 1.3749
2863.906752413226 0.644894 1.29682
2864.29705154687 1.63717 1.36998
2864.687350680513 1.8755 1.38651
2865.077649814156 2.86795 1.43184
2865.4679489478 3.30267 1.45051
2865.858248081443 4.79567 1.55376
2866.248547215087 4.41305 1.52931
2866.63884634873 2.52027 1.39388
2867.029145482373 4.10412 1.494
2867.419444616018 3.15735 1.42809
2867.80974374966 4.59824 1.50321
2868.200042883304 3.68867 1.45138
2868.590342016947 3.1341 1.41129
2868.980641150591 4.34924 1.47163
2869.370940284235 5.27386 1.52581
2869.761239417878 4.75019 1.50305
2870.151538551521 4.70918 1.48234
2870.541837685165 6.78284 1.58818
2870.932136818808 6.36731 1.56764
2871.322435952452 4.22871 1.44398
2871.712735086096 3.09254 1.35123
2872.103034219739 5.90522 1.5188
2872.493333353383 7.52376 1.61826
2872.883632487027 5.98524 1.52468
2873.273931620669 5.02763 1.45625
2873.664230754313 7.17435 1.59826
2874.054529887957 6.32503 1.53608
2874.4448290216 5.1762 1.69333
2874.835128155244 4.05376 1.75882
2875.225427288887 7.005 2.04628
2875.61572642253 5.78875 1.90448
2876.006025556174 3.45665 1.92476
2876.396324689817 4.03896 2.64187
2876.786623823461 2.78404 2.53804
2877.176922957104 3.01866 2.53574
2877.567222090748 5.75743 2.81826
2877.957521224392 2.53279 2.47493
2878.347820358035 4.16131 2.66302
2878.738119491678 3.65732 2.64876
2879.128418625322 0.953809 2.34451
2879.518717758965 5.43371 2.76582
2879.909016892609 4.71665 2.73646
2880.299316026252 1.65951 2.44469
2880.689615159896 0.928371 2.33968
2881.07991429354 2.13376 2.44404
2881.470213427183 3.02841 2.54177
2881.860512560827 3.21749 2.5684
2882.25081169447 6.37533 2.91263
2882.641110828114 2.12821 2.46396
2883.031409961757 4.54392 2.69769
2883.421709095401 0.211388 2.16163
2883.812008229044 2.45569 2.45944
2884.202307362688 3.54097 2.6083
2884.592606496331 6.00238 2.80609
2884.982905629975 4.17272 2.62539
2885.373204763618 1.6007 2.35995
2885.763503897262 3.97407 2.60817
2886.153803030905 6.79778 2.87633
2886.544102164549 4.09227 2.60384
2886.934401298192 2.05429 2.3178
2887.324700431835 6.30987 2.74026
2887.714999565479 10.2819 3.13677
2888.105298699123 7.25406 2.82792
2888.495597832766 7.89045 2.86127
2888.885896966409 4.80786 2.54073
2889.276196100054 2.6703 2.25012
2889.666495233697 7.00849 2.70187
2890.056794367341 6.38475 2.6298
2890.447093500984 7.41269 2.76414
2890.837392634627 8.43487 2.80891
2891.227691768271 5.88353 2.50402
2891.617990901914 7.58116 2.69284
2892.008290035558 6.16225 2.53381
2892.398589169201 8.42757 2.77295
2892.788888302845 6.86055 2.63205
2893.179187436489 4.86881 2.65424
2893.569486570132 9.41725 2.97599
2893.959785703775 11.1382 3.07457
2894.350084837419 0 0
2894.740383971062 0 0
2895.130683104706 0 0
2895.520982238349 0 0
2895.911281371992 0 0
2896.301580505636 0 0
2896.691879639279 0 0
2897.082178772923 0 0
2897.472477906566 0 0
2897.862777040211 0 0
2898.253076173854 0 0
2898.643375307497 0 0
2899.033674441141 0 0
2899.423973574784 0 0
2899.814272708428 0 0
2900.204571842071 0 0
2900.594870975714 0 0
2900.985170109358 0 0
2901.375469243002 0 0
2901.765768376645 0 0
2902.156067510288 0 0
2902.546366643931 0 0
2902.936665777576 0 0
