0.82
lambda flux err
2406.060871069523 0 0
2406.451170151852 0 0
2406.841469234181 0 0
2407.231768316512 0 0
2407.622067398841 0 0
2408.012366481171 0 0
2408.402665563501 0 0
2408.79296464583 0 0
2409.18326372816 0 0
2409.573562810489 0 0
2409.963861892819 0 0
2410.354160975149 0 0
2410.744460057478 0 0
2411.134759139808 0 0
2411.525058222138 0 0
2411.915357304468 0 0
2412.305656386797 0 0
2412.695955469127 0 0
2413.086254551457 0 0
2413.476553633786 0 0
2413.866852716116 0 0
2414.257151798446 0 0
2414.647450880776 0 0
2415.037749963105 0 0
2415.428049045435 0 0
2415.818348127764 0 0
2416.208647210094 0 0
2416.598946292424 0 0
2416.989245374754 0 0
2417.379544457083 0 0
2417.769843539413 0 0
2418.160142621743 0 0
2418.550441704072 0 0
2418.940740786402 0 0
2419.331039868731 0 0
2419.721338951061 0 0
2420.111638033391 0 0
2420.501937115721 0 0
2420.892236198051 0 0
2421.28253528038 0 0
2421.67283436271 0 0
2422.063133445039 0 0
2422.453432527369 0 0
2422.843731609699 0 0
2423.234030692028 0 0
2423.624329774358 0 0
2424.014628856688 0 0
2424.404927939018 0 0
2424.795227021347 0 0
2425.185526103676 0 0
2425.575825186006 0 0
2425.966124268336 0 0
2426.356423350666 0 0
2426.746722432996 0 0
2427.137021515325 0 0
2427.527320597655 0 0
2427.917619679985 0 0
2428.307918762314 0 0
2428.698217844643 0 0
2429.088516926973 0 0
2429.478816009303 0 0
2429.869115091633 0 0
2430.259414173963 0 0
2430.649713256292 0 0
2431.040012338622 0 0
2431.430311420952 0 0
2431.820610503281 0 0
2432.210909585611 0 0
2432.601208667941 0 0
2432.99150775027 0 0
2433.3818068326 0 0
2433.77210591493 0 0
2434.162404997259 0 0
2434.55270407959 0 0
2434.943003161919 9.02806 2.02203
2435.333302244248 9.40523 2.13049
2435.723601326578 6.4543 1.82656
2436.113900408908 7.71812 2.00446
2436.504199491237 8.52896 2.03948
2436.894498573567 9.64628 2.17181
2437.284797655897 8.4222 2.05508
2437.675096738226 13.3678 2.40945
2438.065395820556 9.617 2.18591
2438.455694902886 5.50874 1.8449
2438.845993985216 11.0545 2.28876
2439.236293067545 10.391 2.25008
2439.626592149874 10.4907 2.28481
2440.016891232204 10.5079 2.25354
2440.407190314534 11.3457 2.33775
2440.797489396864 9.53939 2.21585
2441.187788479193 10.2969 2.27981
2441.578087561523 10.0699 2.28385
2441.968386643853 4.63379 1.81618
2442.358685726183 4.84318 1.85633
2442.748984808512 7.40166 2.06015
2443.139283890842 6.41795 2.01478
2443.529582973172 6.15098 2.00416
2443.919882055501 6.99068 2.09928
2444.310181137831 5.6543 1.97444
2444.700480220161 5.6221 1.98246
2445.090779302491 1.70124 1.58175
2445.48107838482 5.62157 1.93349
2445.87137746715 4.04587 1.80521
2446.261676549479 6.77481 2.09239
2446.651975631809 4.9887 1.90704
2447.042274714139 4.20467 1.80963
2447.432573796468 4.72807 1.85059
2447.822872878798 5.86746 1.95094
2448.213171961128 7.39429 2.12023
2448.603471043457 8.03564 2.13876
2448.993770125788 5.12195 1.9197
2449.384069208117 7.40014 2.0524
2449.774368290446 7.44261 2.07649
2450.164667372776 4.09297 1.75955
2450.554966455106 6.31831 1.41925
2450.945265537436 6.31639 1.43392
2451.335564619765 7.4437 1.47573
2451.725863702095 8.2272 1.56233
2452.116162784424 8.92439 1.58784
2452.506461866754 8.1421 1.54848
2452.896760949084 7.09277 1.49194
2453.287060031413 6.65562 1.45953
2453.677359113743 8.20725 1.55766
2454.067658196073 8.88365 1.60897
2454.457957278403 6.1109 1.44258
2454.848256360732 8.78671 1.59773
2455.238555443062 9.00908 1.62227
2455.628854525391 9.06925 1.29402
2456.019153607721 9.50444 1.29667
2456.409452690051 7.40738 1.20911
2456.799751772381 8.36402 1.26743
2457.19005085471 8.09887 1.24621
2457.58034993704 8.50286 1.26859
2457.97064901937 7.68443 1.2374
2458.360948101699 6.17291 1.15343
2458.751247184029 6.50354 1.19136
2459.141546266358 7.00266 1.21663
2459.531845348689 6.75859 1.21282
2459.922144431018 7.01747 1.21909
2460.312443513348 6.6582 1.20498
2460.702742595678 5.37615 1.13914
2461.093041678007 6.75948 1.20871
2461.483340760337 6.73121 1.20209
2461.873639842666 6.27873 1.19851
2462.263938924996 6.09544 1.18298
2462.654238007326 6.35604 1.18869
2463.044537089655 7.45863 1.24389
2463.434836171985 7.18695 1.22635
2463.825135254315 5.87729 1.17577
2464.215434336645 6.66213 1.21101
2464.605733418974 6.45037 1.19958
2464.996032501304 6.13834 1.18199
2465.386331583633 5.76139 1.17315
2465.776630665963 6.01419 1.17548
2466.166929748293 4.6164 1.10754
2466.557228830623 6.31295 1.19583
2466.947527912952 5.67185 1.16134
2467.337826995282 5.73999 1.16866
2467.728126077612 7.04652 1.22156
2468.118425159941 6.77941 1.19864
2468.508724242271 5.20915 1.13624
2468.899023324601 7.04663 1.22352
2469.28932240693 6.59589 1.19301
2469.67962148926 5.85106 1.15836
2470.06992057159 4.90564 1.10668
2470.46021965392 6.41348 1.18053
2470.850518736249 6.32735 1.17436
2471.240817818579 5.19453 0.976117
2471.631116900908 6.51107 1.04002
2472.021415983238 6.8023 1.04243
2472.411715065568 5.8132 1.00977
2472.802014147897 5.51839 0.988252
2473.192313230228 5.41549 0.993931
2473.582612312557 5.56666 1.00383
2473.972911394887 8.01244 1.09199
2474.363210477217 6.20975 1.02731
2474.753509559546 5.15511 0.981148
2475.143808641875 6.58704 1.03889
2475.534107724205 7.19429 1.06595
2475.924406806535 6.84606 1.05589
2476.314705888864 6.02709 1.00723
2476.705004971195 6.04543 1.01627
2477.095304053524 6.02154 1.02171
2477.485603135853 7.66169 1.09258
2477.875902218183 7.3618 1.06753
2478.266201300513 6.42092 1.03379
2478.656500382843 5.77733 1.01069
2479.046799465172 6.81719 1.05166
2479.437098547502 6.3822 1.03931
2479.827397629832 6.75597 1.05418
2480.217696712161 7.16359 1.06735
2480.607995794491 6.20276 1.03452
2480.99829487682 5.9906 1.02168
2481.388593959151 6.98037 1.05925
2481.77889304148 7.40488 1.07808
2482.16919212381 7.5831 1.082
2482.559491206139 5.12538 0.988931
2482.949790288469 6.76442 1.05981
2483.340089370799 6.5473 1.04707
2483.730388453128 7.01734 1.05682
2484.120687535458 6.81437 1.04559
2484.510986617788 6.56218 1.04636
2484.901285700118 6.38587 1.03076
2485.291584782447 5.60306 1.00389
2485.681883864777 6.76242 1.04686
2486.072182947107 6.0039 1.01455
2486.462482029436 6.68447 1.03275
2486.852781111766 7.60349 1.07613
2487.243080194095 7.45694 1.07272
2487.633379276425 7.09272 1.04886
2488.023678358755 5.97323 1.0028
2488.413977441085 6.55115 1.03111
2488.804276523415 6.06195 1.00896
2489.194575605744 5.88309 1.00079
2489.584874688074 6.57924 0.972131
2489.975173770403 7.02954 0.937347
2490.365472852733 6.87756 0.932587
2490.755771935063 7.73741 0.957976
2491.146071017392 6.89821 0.938091
2491.536370099722 6.18835 0.90245
2491.926669182052 5.99041 0.898752
2492.316968264382 6.59766 0.920069
2492.707267346711 6.74102 0.923359
2493.097566429041 7.13017 0.94238
2493.48786551137 6.70691 0.926448
2493.8781645937 7.25931 0.955054
2494.26846367603 7.69933 0.971315
2494.658762758359 7.29608 0.947138
2495.04906184069 6.6919 0.925913
2495.439360923019 7.72378 0.959379
2495.829660005349 6.41247 0.914409
2496.219959087678 6.58651 0.92466
2496.610258170008 6.79881 0.930838
2497.000557252337 7.09569 0.940223
2497.390856334668 6.41407 0.920971
2497.781155416997 8.20215 0.974585
2498.171454499326 7.14822 0.946237
2498.561753581657 7.23212 0.946955
2498.952052663986 7.53383 0.959569
2499.342351746316 7.10377 0.946649
2499.732650828645 7.33055 0.954825
2500.122949910975 7.05356 0.940823
2500.513248993305 7.5423 0.959188
2500.903548075634 7.46334 0.957479
2501.293847157964 5.97127 0.903152
2501.684146240294 7.71841 0.958303
2502.074445322624 7.91335 0.968615
2502.464744404953 7.23664 0.945161
2502.855043487283 6.6933 0.925956
2503.245342569612 7.53481 0.959767
2503.635641651942 6.24865 0.910885
2504.025940734272 7.7111 0.963579
2504.416239816601 6.68751 0.913306
2504.806538898931 7.02884 0.937261
2505.196837981261 7.92304 0.968867
2505.587137063591 6.46123 0.914942
2505.97743614592 6.95182 0.933071
2506.36773522825 7.1465 0.926775
2506.75803431058 6.66861 0.917817
2507.148333392909 7.1062 0.940205
2507.538632475239 6.81826 0.918737
2507.928931557569 7.89645 0.960201
2508.319230639898 7.37141 0.936768
2508.709529722228 6.54628 0.903643
2509.099828804557 6.31544 0.898341
2509.490127886888 6.51863 0.914408
2509.880426969217 5.70954 0.879165
2510.270726051547 5.97971 0.887803
2510.661025133876 7.61921 0.946006
2511.051324216206 7.50115 0.942478
2511.441623298536 6.79497 0.916728
2511.831922380865 6.01946 0.893867
2512.222221463195 6.52365 0.908734
2512.612520545525 7.89517 0.953355
2513.002819627855 7.2541 0.929703
2513.393118710184 7.75146 0.944539
2513.783417792513 6.71706 0.912004
2514.173716874844 6.82948 0.91313
2514.564015957173 7.05669 0.921327
2514.954315039503 6.94186 0.916224
2515.344614121832 7.38659 0.935916
2515.734913204162 7.64404 0.943147
2516.125212286492 7.02226 0.925105
2516.515511368822 7.21396 0.925728
2516.905810451152 8.02383 0.956161
2517.296109533481 8.1092 0.957266
2517.686408615811 7.24487 0.929602
2518.07670769814 6.76579 0.913531
2518.46700678047 7.34818 0.936645
2518.857305862799 8.12029 0.96155
2519.24760494513 7.29417 0.930321
2519.637904027459 6.94773 0.91554
2520.028203109789 8.03158 0.956985
2520.418502192118 6.99141 0.920437
2520.808801274448 7.94745 0.957532
2521.199100356778 7.83747 0.95398
2521.589399439107 7.75494 0.951406
2521.979698521437 8.05563 0.954149
2522.369997603767 7.24524 0.928272
2522.760296686096 7.35027 0.927479
2523.150595768426 6.99074 0.921602
2523.540894850756 6.52776 0.907213
2523.931193933086 7.41123 0.931847
2524.321493015415 6.25612 0.888009
2524.711792097745 7.1474 0.923428
2525.102091180075 7.65164 0.939086
2525.492390262404 7.2596 0.927067
2525.882689344735 7.91027 0.950424
2526.272988427064 6.49337 0.899811
2526.663287509393 6.92116 0.914017
2527.053586591723 7.70447 0.937533
2527.443885674052 7.15822 0.916891
2527.834184756382 7.28951 0.930064
2528.224483838712 9.23239 1.0008
2528.614782921042 8.64867 0.972286
2529.005082003372 7.60228 0.933317
2529.395381085701 7.14232 0.911683
2529.78568016803 6.39038 0.887315
2530.17597925036 7.39817 0.927703
2530.56627833269 6.65949 0.902975
2530.95657741502 7.69964 0.931393
2531.34687649735 7.18489 0.91614
2531.737175579679 7.57196 0.933231
2532.127474662009 6.55728 0.894203
2532.517773744338 8.3042 0.951436
2532.908072826668 8.5384 0.960582
2533.298371908997 8.25763 0.954639
2533.688670991327 7.63312 0.935771
2534.078970073657 8.08264 0.948333
2534.469269155987 7.59668 0.934143
2534.859568238317 6.7408 0.898228
2535.249867320646 8.38854 0.957051
2535.640166402976 8.42012 0.958963
2536.030465485305 8.40649 0.960382
2536.420764567635 8.34903 0.957644
2536.811063649965 8.0306 0.94963
2537.201362732294 7.49516 0.930163
2537.591661814624 8.25511 0.952224
2537.981960896954 8.87439 0.973152
2538.372259979284 8.43649 0.963397
2538.762559061613 8.2472 0.955025
2539.152858143943 8.2612 0.958955
2539.543157226272 8.82395 0.97721
2539.933456308602 7.70104 0.930339
2540.323755390932 7.79786 0.93686
2540.714054473262 8.10914 0.940377
2541.104353555591 8.4184 0.955884
2541.494652637921 8.09823 0.946997
2541.884951720251 8.65931 0.963529
2542.27525080258 8.37017 0.955802
2542.66554988491 7.25352 0.916799
2543.05584896724 6.76026 0.897298
2543.44614804957 7.2158 0.917365
2543.836447131899 7.7011 0.932355
2544.226746214229 8.5523 0.965019
2544.617045296558 8.57801 0.95911
2545.007344378888 8.38138 0.951374
2545.397643461218 9.92742 1.0005
2545.787942543548 8.39632 0.955301
2546.178241625877 8.87112 0.972772
2546.568540708207 8.67937 0.971246
2546.958839790536 8.27646 0.952109
2547.349138872866 7.25136 0.91678
2547.739437955195 8.17987 0.944331
2548.129737037526 7.82147 0.937851
2548.520036119856 7.83767 0.939113
2548.910335202185 7.35295 0.920287
2549.300634284514 8.53558 0.962471
2549.690933366844 8.56325 0.964386
2550.081232449174 8.66011 0.967183
2550.471531531503 8.80113 0.973155
2550.861830613834 9.0741 0.980794
2551.252129696163 8.62371 0.967187
2551.642428778492 8.44462 0.957069
2552.032727860822 8.34987 0.963773
2552.423026943152 8.58483 0.967216
2552.813326025482 8.53928 0.965767
2553.203625107811 8.98716 0.983431
2553.593924190141 7.88586 0.940437
2553.984223272471 8.00604 0.943119
2554.3745223548 7.55847 0.930778
2554.76482143713 7.48515 0.931582
2555.15512051946 8.2868 0.955955
2555.545419601789 8.0053 0.949123
2555.935718684119 8.21762 0.953427
2556.326017766449 6.93252 0.904965
2556.716316848779 7.30198 0.921208
2557.106615931108 8.17325 0.958137
2557.496915013438 8.58828 0.961536
2557.887214095768 7.09465 0.915783
2558.277513178097 6.492 0.893367
2558.667812260427 7.63488 0.930064
2559.058111342757 9.6421 1.00083
2559.448410425086 8.3954 0.963002
2559.838709507416 7.51675 0.933956
2560.229008589746 6.20844 0.888215
2560.619307672075 5.57862 0.862716
2561.009606754405 6.80067 0.910119
2561.399905836735 6.93424 0.911038
2561.790204919064 7.156 0.918354
2562.180504001394 8.10543 0.9569
2562.570803083724 8.39814 0.967049
2562.961102166054 7.11773 0.921893
2563.351401248383 7.01675 0.909497
2563.741700330713 8.27293 0.961338
2564.131999413042 8.01553 0.955267
2564.522298495372 8.1178 0.959342
2564.912597577702 8.34937 0.966509
2565.302896660031 7.1306 0.919802
2565.693195742361 7.86375 0.940881
2566.083494824691 7.02544 0.918532
2566.47379390702 7.23918 0.922659
2566.864092989351 7.40347 0.927314
2567.25439207168 5.89252 0.872076
2567.644691154009 6.56114 0.897386
2568.034990236339 8.11293 0.95743
2568.425289318669 8.58935 0.975005
2568.815588400998 7.13123 0.926624
2569.205887483329 6.68119 0.910469
2569.596186565658 7.15845 0.919586
2569.986485647988 6.06631 0.884418
2570.376784730317 6.57194 0.900979
2570.767083812647 6.62612 0.908922
2571.157382894977 7.0654 0.923095
2571.547681977306 7.08981 0.929362
2571.937981059636 7.2402 0.925138
2572.328280141966 7.56497 0.935918
2572.718579224296 6.70004 0.903578
2573.108878306625 7.46971 0.938644
2573.499177388954 7.34696 0.941906
2573.889476471284 6.40023 0.897169
2574.279775553614 7.13019 0.920016
2574.670074635944 6.43173 0.896845
2575.060373718274 6.75339 0.910607
2575.450672800603 6.02438 0.890427
2575.840971882932 6.16752 0.894254
2576.231270965262 7.00934 0.917222
2576.621570047593 5.4011 0.858237
2577.011869129922 4.55606 0.82954
2577.402168212252 5.51199 0.866202
2577.792467294581 6.04552 0.892157
2578.182766376911 6.15924 0.898884
2578.57306545924 6.96818 0.925217
2578.96336454157 7.62063 0.945622
2579.3536636239 7.22696 0.929783
2579.74396270623 6.8595 0.920338
2580.134261788559 6.04266 0.88751
2580.524560870889 6.13537 0.890644
2580.914859953219 6.26824 0.900056
2581.305159035548 6.53609 0.908111
2581.695458117878 6.3104 0.896073
2582.085757200208 5.85082 0.878849
2582.476056282537 5.3705 0.858243
2582.866355364867 6.35536 0.899355
2583.256654447196 7.49179 0.9417
2583.646953529527 7.67673 0.947962
2584.037252611856 7.65204 0.937454
2584.427551694186 7.09319 0.924938
2584.817850776515 7.04032 0.925052
2585.208149858845 6.25372 0.895267
2585.598448941174 5.91946 0.882127
2585.988748023504 6.08677 0.885999
2586.379047105835 4.40574 0.819732
2586.769346188164 3.37873 0.783633
2587.159645270493 4.59145 0.831743
2587.549944352823 5.98848 0.883031
2587.940243435153 7.12475 0.922966
2588.330542517482 6.85441 0.908326
2588.720841599813 6.88839 0.920178
2589.111140682142 6.22158 0.899838
2589.501439764471 7.03268 0.926105
2589.891738846801 7.10028 0.92142
2590.282037929131 7.28877 0.926946
2590.67233701146 6.39615 0.89206
2591.062636093791 6.36837 0.897835
2591.45293517612 7.10299 0.926508
2591.84323425845 6.27076 0.890102
2592.233533340779 5.77461 0.875579
2592.623832423109 5.51016 0.863412
2593.014131505439 6.00575 0.881578
2593.404430587769 5.50803 0.863786
2593.794729670098 6.03624 0.884608
2594.185028752428 5.26432 0.859244
2594.575327834757 5.71733 0.870732
2594.965626917086 5.42768 0.856463
2595.355925999416 5.75105 0.869823
2595.746225081747 6.8756 0.917125
2596.136524164076 6.67881 0.905253
2596.526823246406 5.28595 0.859455
2596.917122328736 5.10389 0.845992
2597.307421411065 6.61997 0.907287
2597.697720493394 6.59556 0.900585
2598.088019575724 4.85193 0.839167
2598.478318658054 5.50133 0.871712
2598.868617740384 5.97483 0.884428
2599.258916822713 5.82582 0.878535
2599.649215905043 4.14542 0.8108
2600.039514987373 3.06409 0.766639
2600.429814069702 2.76494 0.756583
2600.820113152032 4.55211 0.831735
2601.210412234362 5.59812 0.870758
2601.600711316691 4.69098 0.835211
2601.991010399021 6.07296 0.887123
2602.381309481351 6.51477 0.902896
2602.771608563681 5.26715 0.856464
2603.16190764601 5.91025 0.886285
2603.55220672834 6.46983 0.905038
2603.942505810669 6.95681 0.920274
2604.332804892999 6.34403 0.898477
2604.723103975329 5.62934 0.874796
2605.113403057658 5.56494 0.873983
2605.503702139989 5.72773 0.879503
2605.894001222318 7.35858 0.936429
2606.284300304648 6.31004 0.89258
2606.674599386977 6.59717 0.905821
2607.064898469307 6.52771 0.904034
2607.455197551636 6.07907 0.894015
2607.845496633967 5.63666 0.882238
2608.235795716296 5.7855 0.880875
2608.626094798626 7.07466 0.925466
2609.016393880955 7.63 0.939581
2609.406692963285 5.51384 0.869244
2609.796992045615 6.21506 0.896477
2610.187291127944 6.99194 0.92914
2610.577590210274 6.98165 0.920403
2610.967889292604 6.26987 0.900346
2611.358188374934 6.90918 0.919743
2611.748487457263 6.28131 0.896427
2612.138786539593 5.56075 0.872174
2612.529085621923 6.59581 0.908974
2612.919384704252 6.02578 0.895626
2613.309683786582 6.1893 0.896548
2613.699982868912 5.20503 0.861064
2614.090281951241 5.90082 0.892272
2614.480581033571 6.954 0.931916
2614.870880115901 6.97886 0.92612
2615.261179198231 6.21252 0.901012
2615.65147828056 5.31376 0.867201
2616.04177736289 5.00703 0.86046
2616.43207644522 5.65354 0.883125
2616.822375527549 7.37755 0.938712
2617.212674609878 7.3418 0.943346
2617.602973692209 6.32608 0.903433
2617.993272774538 4.97249 0.859389
2618.383571856867 5.03172 0.854631
2618.773870939198 6.52133 0.912796
2619.164170021527 6.53481 0.916232
2619.554469103856 6.1533 0.898756
2619.944768186186 5.62708 0.884169
2620.335067268516 6.52323 0.911164
2620.725366350846 6.19547 0.89927
2621.115665433175 5.04975 0.864001
2621.505964515506 5.26869 0.870185
2621.896263597835 6.05243 0.893245
2622.286562680164 5.66814 0.884167
2622.676861762494 5.42143 0.866193
2623.067160844824 5.40736 0.871387
2623.457459927153 5.96428 0.899963
2623.847759009483 5.6856 0.887068
2624.238058091813 5.0517 0.85981
2624.628357174143 5.72364 0.887338
2625.018656256472 5.68017 0.884483
2625.408955338802 6.03457 0.897936
2625.799254421132 4.72241 0.851482
2626.189553503461 5.84118 0.893187
2626.579852585791 6.65334 0.922782
2626.970151668121 6.38534 0.914324
2627.36045075045 5.88802 0.890233
2627.75074983278 5.33221 0.870763
2628.14104891511 6.69849 0.929075
2628.531347997439 5.8594 0.897778
2628.921647079769 5.95339 0.901656
2629.311946162098 5.626 0.88092
2629.702245244429 4.63264 0.844245
2630.092544326758 4.37883 0.834327
2630.482843409088 5.01626 0.85749
2630.873142491418 5.55631 0.875099
2631.263441573747 6.40455 0.902942
2631.653740656077 6.57631 0.915923
2632.044039738406 5.21855 0.867398
2632.434338820736 5.61045 0.878843
2632.824637903066 5.51552 0.875755
2633.214936985396 6.16995 0.90395
2633.605236067725 6.82465 0.922326
2633.995535150055 6.55821 0.915325
2634.385834232385 5.04725 0.863398
2634.776133314714 5.69091 0.885894
2635.166432397044 5.53393 0.877318
2635.556731479373 5.82898 0.887107
2635.947030561703 6.15041 0.901288
2636.337329644033 6.48794 0.914314
2636.727628726363 6.73841 0.927504
2637.117927808693 7.74638 0.958588
2637.508226891022 5.20477 0.866235
2637.898525973352 4.48945 0.842259
2638.288825055681 6.87247 0.92377
2638.679124138011 7.70562 0.960849
2639.06942322034 6.56984 0.920838
2639.459722302671 6.23046 0.907964
2639.850021385001 6.32093 0.912679
2640.24032046733 5.07734 0.866711
2640.63061954966 5.82641 0.889141
2641.020918631989 6.37124 0.912093
2641.411217714319 6.6848 0.919201
2641.801516796648 5.94239 0.896056
2642.191815878978 5.33196 0.879096
2642.582114961308 6.12498 0.908615
2642.972414043637 6.59246 0.925277
2643.362713125968 5.91413 0.897284
2643.753012208297 6.26304 0.914427
2644.143311290627 5.52055 0.88562
2644.533610372956 5.35846 0.883156
2644.923909455286 5.85788 0.898032
2645.314208537616 6.56374 0.925127
2645.704507619945 6.98708 0.944581
2646.094806702276 7.05604 0.946148
2646.485105784605 5.4077 0.889256
2646.875404866934 5.29206 0.879808
2647.265703949264 5.25611 0.879575
2647.656003031594 6.12172 0.916442
2648.046302113923 5.66269 0.897963
2648.436601196253 5.88258 0.910648
2648.826900278583 5.39384 0.891408
2649.217199360913 5.04759 0.875696
2649.607498443242 5.27759 0.886042
2649.997797525572 3.80668 0.824592
2650.388096607902 4.71547 0.868661
2650.778395690231 5.94489 0.915773
2651.168694772561 5.61791 0.900176
2651.558993854891 5.91612 0.914172
2651.94929293722 5.57208 0.906859
2652.33959201955 5.59856 0.894886
2652.72989110188 5.35662 0.888139
2653.120190184209 5.68025 0.912039
2653.510489266539 5.782 0.913559
2653.900788348868 5.25898 0.888329
2654.291087431199 4.30935 0.847982
2654.681386513528 4.77313 0.867495
2655.071685595858 4.65123 0.863972
2655.461984678187 5.63565 0.905719
2655.852283760517 6.50985 0.935356
2656.242582842847 6.69128 0.939014
2656.632881925176 5.76858 0.91009
2657.023181007506 6.97175 0.951974
2657.413480089835 6.55247 0.93681
2657.803779172165 6.41553 0.932529
2658.194078254496 6.17883 0.923565
2658.584377336825 5.46204 0.898025
2658.974676419155 5.49248 0.895439
2659.364975501484 5.26113 0.893171
2659.755274583814 5.89115 0.913657
2660.145573666143 6.0003 0.915743
2660.535872748473 5.90208 0.916493
2660.926171830803 6.17826 0.922549
2661.316470913133 7.22464 0.956238
2661.706769995463 6.65391 0.938574
2662.097069077792 7.09183 0.95252
2662.487368160122 6.81835 0.942102
2662.877667242451 8.40213 1.00876
2663.267966324781 7.17071 0.959314
2663.658265407111 6.19457 0.9226
2664.04856448944 6.89721 0.952692
2664.43886357177 6.00029 0.923234
2664.829162654099 6.63134 0.937774
2665.219461736429 6.00815 0.919461
2665.609760818758 6.34352 0.92708
2666.000059901089 6.57455 0.942168
2666.390358983418 5.53845 0.904002
2666.780658065748 5.60524 0.899976
2667.170957148078 6.78423 0.945213
2667.561256230407 7.53192 0.970286
2667.951555312738 6.76251 0.945202
2668.341854395067 7.1079 0.960658
2668.732153477397 6.01731 0.926633
2669.122452559726 5.50513 0.907677
2669.512751642056 7.02697 0.957049
2669.903050724385 5.97021 0.915706
2670.293349806715 5.05466 0.881404
2670.683648889045 5.24446 0.889122
2671.073947971375 6.09259 0.924934
2671.464247053704 6.20608 0.926868
2671.854546136034 6.07335 0.919091
2672.244845218363 6.25433 0.929398
2672.635144300694 6.07921 0.921349
2673.025443383023 5.71646 0.912927
2673.415742465353 6.89453 0.961606
2673.806041547682 6.78886 0.954122
2674.196340630012 6.20883 0.935342
2674.586639712341 5.45803 0.906415
2674.976938794672 6.26024 0.937256
2675.367237877001 6.18113 0.934123
2675.75753695933 6.13394 0.930774
2676.147836041661 6.47764 0.941737
2676.53813512399 6.04594 0.922278
2676.928434206319 6.28037 0.937785
2677.318733288649 6.08196 0.926373
2677.70903237098 5.86955 0.920124
2678.099331453309 5.19616 0.901188
2678.489630535638 5.93267 0.924572
2678.879929617968 6.79021 0.959236
2679.270228700298 6.37512 0.941983
2679.660527782627 6.70861 0.95782
2680.050826864958 5.08679 0.894508
2680.441125947287 5.78731 0.924098
2680.831425029616 6.8696 0.962527
2681.221724111946 6.7551 0.956123
2681.612023194276 6.91459 0.965808
2682.002322276605 6.34212 0.944651
2682.392621358935 5.91591 0.928486
2682.782920441265 6.64506 0.956894
2683.173219523595 5.84716 0.928512
2683.563518605924 6.20467 0.939138
2683.953817688253 4.79745 0.883633
2684.344116770583 4.11003 0.8567
2684.734415852913 6.02391 0.932248
2685.124714935243 5.50734 0.918303
2685.515014017573 6.22359 0.940766
2685.905313099902 6.52575 0.948807
2686.295612182231 5.09617 0.891226
2686.685911264561 4.48573 0.872389
2687.076210346892 5.78442 0.927311
2687.466509429221 6.23993 0.944693
2687.856808511551 6.63119 0.957394
2688.24710759388 6.76662 0.957398
2688.63740667621 6.4907 0.946841
2689.027705758539 5.84304 0.928164
2689.41800484087 6.26983 0.947826
2689.808303923199 6.29524 0.946746
2690.198603005529 4.71662 0.885775
2690.588902087858 6.25393 0.94505
2690.979201170188 5.76197 0.930855
2691.369500252518 6.58441 0.95922
2691.759799334847 5.59058 0.920149
2692.150098417177 6.27478 0.944017
2692.540397499507 7.03921 0.972295
2692.930696581836 6.85794 0.970424
2693.320995664166 6.37304 0.950623
2693.711294746496 6.56028 0.961144
2694.101593828825 6.11 0.941892
2694.491892911155 6.0892 0.938825
2694.882191993485 5.39574 0.915778
2695.272491075814 5.79519 0.932572
2695.662790158144 6.47934 0.958749
2696.053089240474 6.358 0.954352
2696.443388322803 7.72926 1.00241
2696.833687405134 6.38034 0.945441
2697.223986487463 4.26745 0.868773
2697.614285569793 5.71697 0.928245
2698.004584652122 6.47356 0.955252
2698.394883734452 6.18464 0.950613
2698.785182816781 5.44746 0.921085
2699.175481899112 4.44791 0.883572
2699.565780981441 6.67842 0.973173
2699.95608006377 6.7546 0.971325
2700.3463791461 6.48852 0.962006
2700.73667822843 5.8891 0.946689
2701.12697731076 6.31053 0.957433
2701.51727639309 6.40133 0.955877
2701.907575475419 5.02287 0.908356
2702.297874557749 6.05689 0.94267
2702.688173640078 6.55943 0.965224
2703.078472722408 5.31875 0.924097
2703.468771804737 4.74496 0.902423
2703.859070887068 6.17759 0.956125
2704.249369969397 6.45493 0.966567
2704.639669051727 6.13726 0.957659
2705.029968134057 5.42396 0.926569
2705.420267216386 5.72769 0.942497
2705.810566298715 5.70994 0.940916
2706.200865381045 4.35866 0.888045
2706.591164463375 4.36954 0.891733
2706.981463545705 5.40846 0.932465
2707.371762628035 6.37742 0.96702
2707.762061710365 5.76622 0.947196
2708.152360792694 5.23975 0.928867
2708.542659875023 7.26146 0.999918
2708.932958957353 6.06446 0.954911
2709.323258039683 5.07132 0.917411
2709.713557122012 5.49758 0.930713
2710.103856204342 6.07608 0.95422
2710.494155286672 6.96118 0.99449
2710.884454369001 6.26232 0.960577
2711.274753451331 5.91335 0.94855
2711.665052533661 5.42903 0.933108
2712.055351615991 4.27467 0.886963
2712.44565069832 4.79086 0.90823
2712.83594978065 5.53217 0.939579
2713.22624886298 6.28658 0.964992
2713.616547945309 6.28584 0.971324
2714.006847027639 5.58437 0.946277
2714.397146109969 7.16365 1.0015
2714.787445192298 6.8699 0.98626
2715.177744274627 7.17289 0.994697
2715.568043356958 6.92852 0.988942
2715.958342439288 5.87641 0.95724
2716.348641521617 6.04024 0.962834
2716.738940603947 5.7509 0.940012
2717.129239686277 5.38282 0.934443
2717.519538768606 5.62718 0.941627
2717.909837850935 5.8279 0.94995
2718.300136933266 5.40121 0.936443
2718.690436015595 5.84007 0.951039
2719.080735097925 7.31988 1.00498
2719.471034180255 7.38464 1.00478
2719.861333262584 6.7623 0.977903
2720.251632344914 6.21363 0.961208
2720.641931427243 6.31854 0.966234
2721.032230509574 5.61971 0.939146
2721.422529591903 6.41394 0.975491
2721.812828674232 6.35522 0.968883
2722.203127756562 5.97673 0.956338
2722.593426838892 6.3506 0.966577
2722.983725921222 7.15129 1.00161
2723.374025003551 7.78393 1.03234
2723.764324085881 6.95988 0.997303
2724.15462316821 6.37581 0.976349
2724.54492225054 6.73212 0.990581
2724.93522133287 6.68355 0.986385
2725.325520415199 6.71858 0.98859
2725.71581949753 6.73493 0.987549
2726.106118579859 6.21577 0.969399
2726.496417662189 5.40848 0.934631
2726.886716744519 6.06539 0.963897
2727.277015826848 6.90427 0.997601
2727.667314909178 6.43742 0.976594
2728.057613991508 6.02785 0.965714
2728.447913073837 6.53691 0.988459
2728.838212156167 6.91739 0.999654
2729.228511238497 8.33412 1.04953
2729.618810320826 6.48043 0.985124
2730.009109403156 5.40208 0.945887
2730.399408485486 6.65484 0.995355
2730.789707567815 6.74144 0.994197
2731.180006650145 7.20567 1.00892
2731.570305732475 6.55606 0.986042
2731.960604814804 7.03349 1.00855
2732.350903897134 6.5874 0.991639
2732.741202979464 6.68615 0.998517
2733.131502061793 6.52986 0.988806
2733.521801144123 6.51284 0.989495
2733.912100226453 6.16708 0.975071
2734.302399308782 6.58462 0.997125
2734.692698391112 6.40149 0.985781
2735.082997473442 7.41529 1.02573
2735.473296555772 8.30901 1.05732
2735.863595638101 5.87655 0.968108
2736.253894720431 6.8367 1.00412
2736.644193802761 7.17048 1.01588
2737.03449288509 6.94578 1.00977
2737.42479196742 6.82417 1.00567
2737.81509104975 5.8639 0.973942
2738.205390132079 6.52909 0.995227
2738.595689214409 6.72414 1.006
2738.985988296739 8.03437 1.05839
2739.376287379068 7.93546 1.05053
2739.766586461397 8.24256 1.05405
2740.156885543728 8.55784 1.07149
2740.547184626057 7.23048 1.02239
2740.937483708387 6.93236 1.01271
2741.327782790717 7.26332 1.02854
2741.718081873047 7.40894 1.02439
2742.108380955376 7.04594 1.01618
2742.498680037705 7.37448 1.0255
2742.888979120036 7.36482 1.03083
2743.279278202365 6.1829 0.984533
2743.669577284694 5.56263 0.965616
2744.059876367024 6.24278 0.996133
2744.450175449354 7.01655 1.0208
2744.840474531684 6.26561 0.995002
2745.230773614013 6.92076 1.0138
2745.621072696344 6.98824 1.01971
2746.011371778673 6.87728 1.01849
2746.401670861002 6.20764 0.995248
2746.791969943332 6.74478 1.01097
2747.182269025662 7.83449 1.05067
2747.572568107992 8.03685 1.05292
2747.962867190321 7.65925 1.04693
2748.353166272651 5.7717 0.985445
2748.74346535498 6.51738 1.00438
2749.13376443731 6.27601 0.99623
2749.52406351964 5.41383 0.965029
2749.91436260197 7.00624 1.02626
2750.304661684299 8.19647 1.07314
2750.694960766629 6.27704 1.00593
2751.085259848959 6.14607 0.992597
2751.475558931288 6.23997 0.994616
2751.865858013618 7.00613 1.02677
2752.256157095948 7.49961 1.04318
2752.646456178277 7.7273 1.05958
2753.036755260607 7.76708 1.05925
2753.427054342937 6.29907 1.00561
2753.817353425266 7.0416 1.0368
2754.207652507596 6.60788 1.02066
2754.597951589926 4.62724 0.939852
2754.988250672256 5.11894 0.961851
2755.378549754585 6.87078 1.03038
2755.768848836915 6.68012 1.02752
2756.159147919244 6.38858 1.01481
2756.549447001574 6.5648 1.02188
2756.939746083904 6.63817 1.02554
2757.330045166234 6.59656 1.02235
2757.720344248563 5.97202 1.00139
2758.110643330893 6.41852 1.01683
2758.500942413222 6.48856 1.01783
2758.891241495552 7.30746 1.04679
2759.281540577882 7.02146 1.0469
2759.671839660212 7.97687 1.07875
2760.062138742542 7.62913 1.06578
2760.452437824871 5.81836 1.00264
2760.842736907201 6.55661 1.02602
2761.23303598953 7.63553 1.06359
2761.623335071859 6.83868 1.04192
2762.01363415419 5.95657 1.00589
2762.403933236519 7.7504 1.07248
2762.794232318849 7.84989 1.07816
2763.184531401179 8.30811 1.08969
2763.574830483508 7.95102 1.08333
2763.965129565837 7.17904 1.05671
2764.355428648168 7.03619 1.05399
2764.745727730498 7.18421 1.05548
2765.136026812827 6.83486 1.04296
2765.526325895157 7.0875 1.04944
2765.916624977486 7.28661 1.05502
2766.306924059817 7.71448 1.07304
2766.697223142146 7.7893 1.07928
2767.087522224475 7.51165 1.07082
2767.477821306806 7.18566 1.05787
2767.868120389135 8.39082 1.10304
2768.258419471464 8.44565 1.10204
2768.648718553794 7.39409 1.06834
2769.039017636124 7.54931 1.07801
2769.429316718454 8.01152 1.08972
2769.819615800783 7.34244 1.06074
2770.209914883113 6.30738 1.02878
2770.600213965442 6.90956 1.05601
2770.990513047772 6.72901 1.04603
2771.380812130102 6.6769 1.04816
2771.771111212432 7.08118 1.06041
2772.161410294761 6.81332 1.05522
2772.551709377091 6.72648 1.04883
2772.942008459421 7.49945 1.07878
2773.33230754175 6.60407 1.05161
2773.72260662408 8.12617 1.09536
2774.11290570641 8.61262 1.1142
2774.50320478874 7.79257 1.09315
2774.893503871069 7.84117 1.09678
2775.283802953398 7.81802 1.09898
2775.674102035729 7.09131 1.07063
2776.064401118058 7.25967 1.07246
2776.454700200388 7.61425 1.08204
2776.844999282718 10.1065 1.16907
2777.235298365047 9.94558 1.17229
2777.625597447376 8.76304 1.12836
2778.015896529706 8.06587 1.109
2778.406195612037 9.10167 1.14402
2778.796494694366 9.07873 1.13932
2779.186793776696 7.69016 1.09244
2779.577092859025 7.62799 1.08957
2779.967391941355 9.2751 1.14723
2780.357691023684 6.90393 1.07175
2780.747990106014 7.83921 1.09735
2781.138289188344 9.58162 1.15296
2781.528588270674 8.84519 1.13266
2781.918887353003 9.43645 1.14891
2782.309186435333 7.57727 1.09123
2782.699485517663 7.85389 1.10452
2783.089784599992 7.88337 1.10533
2783.480083682322 8.52102 1.12483
2783.870382764652 9.88494 1.16961
2784.260681846981 8.05591 1.11047
2784.650980929311 7.38574 1.08305
2785.041280011641 8.20554 1.11855
2785.43157909397 9.40523 1.15423
2785.8218781763 10.2701 1.19012
2786.21217725863 9.13801 1.14585
2786.60247634096 9.4375 1.15714
2786.992775423289 9.94273 1.17819
2787.383074505619 7.77517 1.10022
2787.773373587948 8.49864 1.13003
2788.163672670279 9.64496 1.1695
2788.553971752608 9.33842 1.16312
2788.944270834937 9.01273 1.15342
2789.334569917267 8.49152 1.13456
2789.724868999597 8.34243 1.12477
2790.115168081926 7.42556 1.09669
2790.505467164256 7.21802 1.0838
2790.895766246586 8.99538 1.15592
2791.286065328915 9.46548 1.17051
2791.676364411245 9.0157 1.15335
2792.066663493575 7.88353 1.11634
2792.456962575904 8.45092 1.12661
2792.847261658235 8.90384 1.14789
2793.237560740564 10.0292 1.19443
2793.627859822894 7.57839 1.10902
2794.018158905223 7.42689 1.09879
2794.408457987553 7.58434 1.1037
2794.798757069882 8.67662 1.13855
2795.189056152213 7.93378 1.11766
2795.579355234542 6.59174 1.06756
2795.969654316872 4.33106 0.981655
2796.359953399202 4.41592 0.979805
2796.750252481531 5.7056 1.02589
2797.14055156386 7.28637 1.09017
2797.530850646191 8.20975 1.12281
2797.92114972852 8.45145 1.14659
2798.31144881085 8.39734 1.14386
2798.70174789318 8.79934 1.1533
2799.092046975509 9.39802 1.17275
2799.482346057839 7.46427 1.10017
2799.872645140168 8.34874 1.13563
2800.262944222498 8.81537 1.15305
2800.653243304828 8.43398 1.14299
2801.043542387158 9.95037 1.19244
2801.433841469487 9.24597 1.1717
2801.824140551817 7.89037 1.12644
2802.214439634146 9.45785 1.18164
2802.604738716476 8.04221 1.12832
2802.995037798806 5.17866 1.02196
2803.385336881136 3.71954 0.965475
2803.775635963465 6.08732 1.06232
2804.165935045795 5.94061 1.05499
2804.556234128125 8.01812 1.13314
2804.946533210454 9.20633 1.17483
2805.336832292784 9.58775 1.18761
2805.727131375114 10.2984 1.21496
2806.117430457443 9.71218 1.19096
2806.507729539773 9.67118 1.19462
2806.898028622103 8.92133 1.16881
2807.288327704433 10.6483 1.22903
2807.678626786762 9.47157 1.1932
2808.068925869092 10.069 1.20915
2808.459224951421 9.70899 1.19914
2808.849524033751 10.6053 1.23263
2809.23982311608 10.5677 1.23649
2809.630122198411 10.4947 1.23329
2810.020421280741 9.02637 1.18559
2810.41072036307 9.58789 1.20182
2810.801019445399 10.6356 1.2341
2811.191318527729 9.7014 1.20268
2811.581617610058 9.60565 1.2056
2811.971916692388 9.22872 1.19278
2812.362215774719 9.96533 1.21846
2812.752514857048 10.3175 1.22913
2813.142813939377 10.0593 1.21521
2813.533113021707 8.37165 1.16758
2813.923412104037 7.6633 1.14322
2814.313711186366 10.0954 1.23105
2814.704010268696 9.84185 1.22267
2815.094309351026 11.0904 1.25771
2815.484608433356 10.311 1.23295
2815.874907515685 10.5064 1.24476
2816.265206598015 9.9289 1.22273
2816.655505680344 9.36123 1.1999
2817.045804762675 9.39731 1.20321
2817.436103845004 8.93575 1.18598
2817.826402927334 6.4888 1.0992
2818.216702009663 7.40009 1.13702
2818.607001091993 8.43871 1.17942
2818.997300174323 10.576 1.25072
2819.387599256653 10.8737 1.25669
2819.777898338982 8.22908 1.16583
2820.168197421311 9.87461 1.2229
2820.558496503641 8.33472 1.17538
2820.948795585971 9.16361 1.20653
2821.339094668301 9.85781 1.22721
2821.729393750631 7.83943 1.15215
2822.11969283296 9.08559 1.20067
2822.50999191529 8.85676 1.18888
2822.900290997619 8.31529 1.16933
2823.290590079949 9.27025 1.20927
2823.680889162278 9.58645 1.21306
2824.071188244609 10.7147 1.25546
2824.461487326938 9.4425 1.21366
2824.851786409268 8.43506 1.17132
2825.242085491598 9.83917 1.22435
2825.632384573927 10.568 1.25047
2826.022683656257 9.99598 1.22453
2826.412982738587 7.93417 1.15252
2826.803281820916 7.88232 1.14814
2827.193580903246 7.65832 1.13395
2827.583879985576 8.01933 1.15595
2827.974179067906 8.29114 1.17296
2828.364478150235 9.1682 1.19838
2828.754777232565 8.01394 1.15124
2829.145076314894 7.4492 1.12418
2829.535375397224 8.33217 1.15765
2829.925674479553 8.13893 1.15173
2830.315973561883 6.56525 1.09795
2830.706272644213 7.70159 1.13896
2831.096571726542 7.40287 1.14162
2831.486870808873 7.62346 1.23477
2831.877169891203 8.86933 1.37442
2832.267468973532 9.24045 1.39728
2832.657768055861 8.06298 1.34522
2833.048067138191 9.17681 1.39527
2833.438366220521 7.30532 1.31875
2833.82866530285 7.31506 1.31327
2834.218964385181 6.67981 1.29144
2834.60926346751 6.56287 1.28457
2834.999562549839 6.26094 1.27074
2835.389861632169 7.28042 1.32802
2835.780160714499 8.55774 1.37678
2836.170459796829 6.12204 1.27088
2836.560758879158 6.65992 1.29887
2836.951057961488 7.05575 1.31477
2837.341357043818 7.59879 1.33802
2837.731656126147 6.49636 1.28888
2838.121955208477 5.10539 1.22044
2838.512254290807 7.33031 1.32389
2838.902553373136 8.14435 1.36693
2839.292852455466 8.29458 1.37212
2839.683151537796 7.92828 1.34257
2840.073450620125 7.77445 1.34252
2840.463749702455 8.19207 1.35189
2840.854048784785 8.11206 1.35787
2841.244347867115 6.82649 1.29831
2841.634646949444 7.95487 1.33716
2842.024946031773 8.49119 1.36265
2842.415245114104 9.66604 1.41141
2842.805544196433 8.6377 1.36513
2843.195843278763 8.87174 1.37111
2843.586142361093 7.38819 1.3091
2843.976441443422 8.1965 1.34704
2844.366740525752 7.87844 1.32
2844.757039608081 6.85993 1.27287
2845.147338690411 9.2247 1.36936
2845.53763777274 9.56235 1.38252
2845.927936855071 10.1514 1.40948
2846.318235937401 9.30857 1.39045
2846.70853501973 7.90818 1.33672
2847.09883410206 7.99982 1.30838
2847.489133184389 8.07806 1.47541
2847.879432266719 9.65056 1.60227
2848.269731349048 9.32253 1.6032
2848.660030431378 7.64465 1.51783
2849.050329513708 8.18715 1.54313
2849.440628596038 7.06547 1.47308
2849.830927678368 8.37507 1.53453
2850.221226760697 11.3699 1.67554
2850.611525843027 12.2803 1.71222
2851.001824925356 7.6057 1.50236
2851.392124007686 7.96248 1.54563
2851.782423090016 9.08964 1.60663
2852.172722172345 7.95838 1.71364
2852.563021254675 5.00393 1.83227
2852.953320337004 7.58608 2.00799
2853.343619419335 6.20416 1.90343
2853.733918501664 7.21925 1.96846
2854.124217583994 5.79795 1.90455
2854.514516666323 7.38823 1.99706
2854.904815748653 6.39184 1.93142
2855.295114830983 7.74017 2.03009
2855.685413913313 6.72564 1.94348
2856.075712995643 7.12672 1.96494
2856.466012077972 6.50538 1.95251
2856.856311160302 8.15019 2.06038
2857.246610242631 6.44106 1.92571
2857.636909324961 7.09814 1.97516
2858.027208407291 4.54291 1.80979
2858.41750748962 7.75058 2.01707
2858.80780657195 5.38829 1.85159
2859.19810565428 7.7692 2.02052
2859.588404736609 4.99191 1.82852
2859.978703818939 6.44261 1.9264
2860.369002901269 6.64606 1.92234
2860.759301983599 7.03608 1.95104
2861.149601065928 7.5114 1.95479
2861.539900148258 6.48229 1.91697
2861.930199230587 7.70362 1.99724
2862.320498312917 7.20152 1.95298
2862.710797395247 4.90455 1.79403
2863.101096477577 7.97231 1.97336
2863.491395559906 9.10098 2.04531
2863.881694642235 6.51643 1.89152
2864.271993724566 6.33279 1.87379
2864.662292806895 5.79373 1.82683
2865.052591889225 6.98905 1.89874
2865.442890971555 6.13851 1.82205
2865.833190053885 8.7455 2.00263
2866.223489136214 6.70467 1.83852
2866.613788218543 5.61204 1.76894
2867.004087300874 6.55058 1.86567
2867.394386383203 9.1829 2.15633
2867.784685465533 7.47655 2.55393
2868.174984547863 7.16304 2.85352
2868.565283630192 8.61831 2.97492
2868.955582712521 9.81219 3.05737
2869.345881794851 7.33648 2.85477
2869.736180877182 3.94526 2.56541
2870.126479959511 4.04709 2.53886
2870.51677904184 2.32653 2.37379
2870.90707812417 4.03286 2.53438
2871.2973772065 7.51664 2.89401
2871.68767628883 6.64019 2.78013
2872.077975371159 5.11635 2.61656
2872.468274453489 5.80997 2.67773
2872.858573535818 9.46079 3.08911
2873.248872618148 7.49827 2.9202
2873.639171700478 7.44544 2.88
2874.029470782807 5.40441 2.69342
2874.419769865137 5.97939 2.74477
2874.810068947467 5.04531 2.65428
2875.200368029797 4.36305 2.61188
2875.590667112126 8.77212 3.03372
2875.980966194456 6.97043 2.83914
2876.371265276786 5.28516 2.69787
2876.761564359115 7.61701 2.90195
2877.151863441445 9.22769 3.00106
2877.542162523775 9.10313 2.98352
2877.932461606105 4.61951 2.6136
2878.322760688434 6.20722 2.74213
2878.713059770764 7.83247 2.87714
2879.103358853093 6.43507 2.7167
2879.493657935423 8.21614 2.83951
2879.883957017753 10.055 2.99593
2880.274256100082 7.55689 2.80239
2880.664555182412 7.00222 2.69075
2881.054854264742 7.09826 2.64696
2881.445153347071 7.3383 2.66351
2881.835452429401 8.0861 2.70371
2882.225751511731 5.69743 2.43812
2882.61605059406 9.97541 2.89474
2883.00634967639 5.9706 2.52855
2883.39664875872 7.62558 2.64369
2883.786947841049 10.9994 2.91783
2884.17724692338 10.3331 2.85373
2884.567546005709 10.4846 2.85496
2884.957845088039 10.2585 2.83354
2885.348144170368 11.845 2.99975
2885.738443252698 11.2039 3.06052
2886.128742335028 6.9759 2.69697
2886.519041417358 7.42694 2.55349
2886.909340499687 0 0
2887.299639582017 0.531663 0.531663
2887.689938664347 0.531663 0.531663
2888.080237746676 0 0
2888.470536829005 0 0
2888.860835911335 0 0
2889.251134993665 0 0
2889.641434075995 0 0
2890.031733158325 0 0
2890.422032240654 0 0
2890.812331322983 0 0
2891.202630405313 0 0
2891.592929487644 0 0
2891.983228569973 0 0
2892.373527652302 0 0
2892.763826734632 0 0
2893.154125816962 0 0
2893.544424899291 0 0
2893.93472398162 0 0
2894.325023063951 0 0
2894.715322146281 0 0
2895.10562122861 0 0
2895.49592031094 0 0
2895.88621939327 0 0
2896.276518475599 0 0
2896.666817557929 0 0
2897.057116640259 0 0
2897.447415722588 0 0
2897.837714804918 0 0
2898.228013887247 0 0
2898.618312969578 0 0
2899.008612051907 0 0
2899.398911134237 0 0
2899.789210216566 0 0
2900.179509298896 0 0
2900.569808381225 0 0
2900.960107463556 0 0
2901.350406545885 0 0
2901.740705628215 0 0
2902.131004710544 0 0
2902.521303792874 0 0
2902.911602875203 0 0
