1.24
lambda flux err
2406.114474669693 0 0
2406.50477298809 0 0
2406.895071306486 0 0
2407.285369624882 0 0
2407.675667943278 0 0
2408.065966261675 0 0
2408.456264580071 0 0
2408.846562898467 0 0
2409.236861216863 0 0
2409.627159535259 0 0
2410.017457853655 0 0
2410.407756172051 0 0
2410.798054490448 0 0
2411.188352808844 0 0
2411.57865112724 0 0
2411.968949445636 0 0
2412.359247764032 0 0
2412.749546082428 0 0
2413.139844400825 0 0
2413.530142719221 0 0
2413.920441037617 0 0
2414.310739356013 0 0
2414.701037674409 0 0
2415.091335992806 0 0
2415.481634311202 0 0
2415.871932629598 0 0
2416.262230947994 0 0
2416.65252926639 0 0
2417.042827584786 0 0
2417.433125903183 0 0
2417.823424221579 0 0
2418.213722539975 0 0
2418.604020858371 0 0
2418.994319176767 0 0
2419.384617495163 0 0
2419.77491581356 0 0
2420.165214131956 0 0
2420.555512450352 0 0
2420.945810768747 0 0
2421.336109087144 0 0
2421.72640740554 0 0
2422.116705723936 0 0
2422.507004042332 0 0
2422.897302360728 0 0
2423.287600679124 0 0
2423.677898997521 0 0
2424.068197315917 0 0
2424.458495634313 0 0
2424.848793952709 0 0
2425.239092271105 0 0
2425.629390589502 0 0
2426.019688907898 0 0
2426.409987226294 0 0
2426.80028554469 0 0
2427.190583863086 0 0
2427.580882181482 0 0
2427.971180499879 0 0
2428.361478818275 0 0
2428.751777136671 0 0
2429.142075455067 0 0
2429.532373773463 0 0
2429.922672091859 0 0
2430.312970410255 0 0
2430.703268728652 0 0
2431.093567047048 0 0
2431.483865365444 0 0
2431.87416368384 0 0
2432.264462002237 0 0
2432.654760320632 0 0
2433.045058639029 0 0
2433.435356957424 0 0
2433.825655275821 0 0
2434.215953594217 0 0
2434.606251912613 0 0
2434.996550231009 0 0
2435.386848549405 8.61599 2.09735
2435.777146867802 10.7724 2.26128
2436.167445186198 9.75231 2.20715
2436.557743504594 10.4763 2.2463
2436.94804182299 10.815 2.28879
2437.338340141386 11.0096 2.31558
2437.728638459782 9.48798 2.18483
2438.118936778179 5.3696 1.85544
2438.509235096575 9.69539 2.26232
2438.899533414971 7.6765 2.10244
2439.289831733367 6.30299 2.00009
2439.680130051763 6.42815 2.02636
2440.070428370159 6.18484 1.99163
2440.460726688555 8.23281 2.15117
2440.851025006952 8.47801 2.19776
2441.241323325348 7.71488 2.16457
2441.631621643744 5.9596 2.02589
2442.02191996214 7.11757 2.13047
2442.412218280536 13.1935 2.54951
2442.802516598933 10.7193 2.3978
2443.192814917329 7.05369 2.16019
2443.583113235725 7.51724 2.17903
2443.973411554121 8.15496 2.24523
2444.363709872517 9.83581 2.37849
2444.754008190913 10.7498 2.44017
2445.14430650931 8.61552 2.2865
2445.534604827706 7.0756 2.15426
2445.924903146102 6.49803 2.08365
2446.315201464498 8.12789 2.26481
2446.705499782894 10.3624 2.4224
2447.09579810129 5.1931 2.00734
2447.486096419687 9.3347 2.3135
2447.876394738083 9.01086 2.25464
2448.266693056479 8.33492 2.26762
2448.656991374875 5.8973 2.07358
2449.047289693271 9.43155 2.34197
2449.437588011667 6.84919 2.13733
2449.827886330064 8.55043 2.2613
2450.218184648459 5.82802 2.04433
2450.608482966855 8.09674 2.2121
2450.998781285251 7.60923 2.21116
2451.389079603648 6.97349 2.12812
2451.779377922044 4.91765 1.95641
2452.16967624044 1.93883 1.74243
2452.559974558836 5.00226 1.97086
2452.950272877232 3.7043 1.85542
2453.340571195629 6.75313 2.1326
2453.730869514025 5.77211 2.01781
2454.121167832421 5.8477 2.01934
2454.511466150817 6.47085 2.08133
2454.901764469213 5.16639 1.96035
2455.292062787609 4.37913 1.89736
2455.682361106006 8.75839 2.21836
2456.072659424402 10.32 2.32576
2456.462957742798 8.99282 1.55566
2456.853256061194 9.79882 1.61185
2457.24355437959 11.134 1.67196
2457.633852697986 11.1519 1.65859
2458.024151016383 6.64232 1.42763
2458.414449334779 9.30098 1.55539
2458.804747653175 9.05131 1.55398
2459.195045971571 9.48995 1.5793
2459.585344289967 9.95817 1.62543
2459.975642608364 8.07491 1.52
2460.365940926759 8.97694 1.5657
2460.756239245156 9.69226 1.6025
2461.146537563551 10.464 1.64205
2461.536835881948 8.56455 1.53583
2461.927134200344 9.42788 1.59079
2462.31743251874 7.58056 1.49919
2462.707730837136 8.23481 1.5332
2463.098029155533 7.60175 1.51471
2463.488327473929 8.81898 1.58149
2463.878625792325 8.59531 1.5773
2464.268924110721 8.74723 1.57939
2464.659222429117 7.82278 1.5235
2465.049520747513 6.13726 1.44249
2465.439819065909 6.6616 1.47261
2465.830117384306 7.53657 1.51832
2466.220415702702 6.97421 1.49921
2466.610714021098 7.60154 1.52121
2467.001012339494 6.85417 1.48396
2467.39131065789 7.33857 1.51215
2467.781608976286 8.5472 1.5791
2468.171907294683 8.18674 1.55307
2468.562205613079 8.2461 1.55659
2468.952503931475 8.15348 1.54859
2469.342802249871 5.71109 1.41978
2469.733100568267 5.29688 1.39793
2470.123398886663 8.06049 1.53706
2470.51369720506 6.98078 1.4835
2470.903995523456 5.46077 1.39359
2471.294293841852 5.98481 1.42031
2471.684592160248 8.5277 1.54656
2472.074890478644 8.72459 1.29739
2472.46518879704 8.14818 1.28271
2472.855487115437 7.19319 1.22453
2473.245785433833 6.11602 1.20341
2473.636083752229 7.86408 1.27672
2474.026382070625 8.02895 1.28345
2474.416680389021 8.83149 1.319
2474.806978707417 8.16338 1.28098
2475.197277025814 7.25991 1.24198
2475.58757534421 8.36828 1.29609
2475.977873662606 9.97273 1.36276
2476.368171981002 8.20351 1.28441
2476.758470299398 6.54105 1.20657
2477.148768617794 9.40214 1.33789
2477.539066936191 9.56677 1.34041
2477.929365254587 9.8541 1.35329
2478.319663572983 7.87986 1.27682
2478.709961891379 7.88787 1.27163
2479.100260209775 8.56147 1.29536
2479.490558528172 9.75302 1.35326
2479.880856846568 7.57634 1.25872
2480.271155164963 6.80026 1.22236
2480.661453483359 6.57702 1.20988
2481.051751801756 6.83541 1.22606
2481.442050120152 5.93844 1.18296
2481.832348438548 6.56296 1.21041
2482.222646756944 8.8725 1.30522
2482.61294507534 9.62303 1.33535
2483.003243393736 8.44211 1.29027
2483.393541712133 6.89805 1.2295
2483.783840030528 8.2141 1.27083
2484.174138348925 8.16195 1.2774
2484.564436667321 5.68451 1.15903
2484.954734985717 7.02704 1.22064
2485.345033304113 6.73596 1.21684
2485.73533162251 7.60264 1.23941
2486.125629940906 8.23633 1.27565
2486.515928259302 7.6878 1.24885
2486.906226577698 6.9132 1.21634
2487.296524896094 10.0061 1.34108
2487.686823214491 8.82301 1.29372
2488.077121532887 7.86199 1.25173
2488.467419851283 7.98369 1.25413
2488.857718169679 7.5173 1.23332
2489.248016488075 8.21533 1.25877
2489.638314806471 6.96651 1.19954
2490.028613124867 6.71396 1.20404
2490.418911443263 8.66109 1.2849
2490.80920976166 6.69654 1.19145
2491.199508080056 7.11991 1.21233
2491.589806398452 8.36863 1.26947
2491.980104716848 8.60513 1.28059
2492.370403035245 7.97698 1.2484
2492.76070135364 9.86255 1.32358
2493.150999672037 6.81678 1.1921
2493.541297990433 8.11793 1.24721
2493.931596308829 9.10069 1.29511
2494.321894627225 7.40813 1.21974
2494.712192945621 6.72039 1.19515
2495.102491264017 6.46935 1.18399
2495.492789582413 9.53781 1.30807
2495.88308790081 7.52147 1.21815
2496.273386219206 7.60092 1.2272
2496.663684537602 5.94637 1.15202
2497.053982855998 4.42707 1.08357
2497.444281174395 7.73654 1.22792
2497.83457949279 9.88603 1.31446
2498.224877811187 7.84463 1.23902
2498.615176129583 6.93576 1.191
2499.005474447979 7.59263 1.21329
2499.395772766375 7.87932 1.23514
2499.786071084771 7.08179 1.20719
2500.176369403168 7.10491 1.20285
2500.566667721563 7.95388 1.23876
2500.95696603996 9.95392 1.32395
2501.347264358356 8.65351 1.26887
2501.737562676752 6.32745 1.16685
2502.127860995148 7.6338 1.22923
2502.518159313544 9.15605 1.29138
2502.908457631941 8.10829 1.24575
2503.298755950337 5.49513 1.1331
2503.689054268733 6.0055 1.15425
2504.079352587129 6.80478 1.18598
2504.469650905525 7.47812 1.22015
2504.859949223922 5.62864 1.12808
2505.250247542318 5.48308 1.11984
2505.640545860713 9.09041 1.28216
2506.03084417911 8.68422 1.27079
2506.421142497506 7.93967 1.23348
2506.811440815903 9.53726 1.30065
2507.201739134298 9.50276 1.30571
2507.592037452694 8.29507 1.25123
2507.982335771091 9.31784 1.29207
2508.372634089486 8.76179 1.26275
2508.762932407883 7.10469 1.19
2509.153230726279 8.17098 1.23705
2509.543529044675 7.47841 1.21287
2509.933827363071 6.56066 1.17607
2510.324125681467 7.38517 1.21561
2510.714423999864 6.47723 1.16745
2511.104722318259 6.93337 1.19248
2511.495020636656 7.75756 1.21705
2511.885318955052 8.52553 1.24659
2512.275617273448 8.41801 1.24693
2512.665915591844 9.89721 1.30803
2513.05621391024 8.97547 1.27155
2513.446512228637 8.54278 1.25048
2513.836810547033 8.19141 1.23091
2514.227108865429 8.55835 1.25091
2514.617407183825 7.29783 1.1899
2515.007705502221 8.54927 1.24312
2515.398003820618 7.15865 1.18486
2515.788302139014 5.74764 1.12968
2516.178600457409 5.87922 1.12942
2516.568898775806 8.02377 1.22451
2516.959197094202 9.01447 1.2615
2517.349495412599 8.19317 1.22159
2517.739793730994 7.95923 1.21425
2518.13009204939 8.14894 1.22688
2518.520390367787 7.29735 1.19877
2518.910688686183 7.58006 1.20798
2519.300987004579 8.52857 1.2426
2519.691285322975 8.004 1.2263
2520.081583641372 6.31953 1.15056
2520.471881959767 7.26942 1.19043
2520.862180278164 8.03218 1.23296
2521.25247859656 6.11899 1.15266
2521.642776914956 5.48953 1.11849
2522.033075233352 4.85705 1.08634
2522.423373551748 3.01812 0.992993
2522.813671870144 2.07692 0.930344
2523.203970188541 2.3881 0.954533
2523.594268506937 3.16259 0.996636
2523.984566825333 1.79124 0.919171
2524.374865143729 2.90287 0.982488
2524.765163462125 4.01197 1.04606
2525.155461780522 5.562 1.11672
2525.545760098917 7.60232 1.20063
2525.936058417314 8.87636 1.25958
2526.32635673571 6.92633 1.17645
2526.716655054106 7.57099 1.19811
2527.106953372502 8.59979 1.24574
2527.497251690898 7.48821 1.19292
2527.887550009295 8.03161 1.21227
2528.277848327691 7.59643 1.19868
2528.668146646087 6.05068 1.13483
2529.058444964483 5.70695 1.11668
2529.448743282879 7.35207 1.17943
2529.839041601275 7.76694 1.19965
2530.229339919671 7.39032 1.18364
2530.619638238068 7.62568 1.19044
2531.009936556464 8.53681 1.23441
2531.40023487486 8.14384 1.21717
2531.790533193256 9.22569 1.26493
2532.180831511652 9.14218 1.26422
2532.571129830049 8.75058 1.24195
2532.961428148445 9.19261 1.2601
2533.351726466841 6.46849 1.14424
2533.742024785237 6.79786 1.15684
2534.132323103633 7.4638 1.19282
2534.52262142203 9.66483 1.28665
2534.912919740425 8.88509 1.24948
2535.303218058821 9.33216 1.27161
2535.693516377218 9.46782 1.26458
2536.083814695614 7.40008 1.18831
2536.47411301401 7.79491 1.21384
2536.864411332406 8.12204 1.21727
2537.254709650802 7.62228 1.19985
2537.645007969199 8.38242 1.23962
2538.035306287595 8.29085 1.22992
2538.425604605991 6.11509 1.12758
2538.815902924387 4.54418 1.05762
2539.206201242783 5.34796 1.09512
2539.596499561179 6.47022 1.14694
2539.986797879575 7.87896 1.21479
2540.377096197971 9.16603 1.26294
2540.767394516367 8.47034 1.22939
2541.157692834764 8.23188 1.22093
2541.54799115316 9.16815 1.26381
2541.938289471556 9.58079 1.28548
2542.328587789952 8.13058 1.22478
2542.718886108348 7.28988 1.1928
2543.109184426745 7.50858 1.2073
2543.499482745141 8.95514 1.26045
2543.889781063536 7.8862 1.2111
2544.280079381933 7.47861 1.19719
2544.670377700329 8.52526 1.23997
2545.060676018726 8.00875 1.22172
2545.450974337121 9.15865 1.26225
2545.841272655517 7.66198 1.20415
2546.231570973914 7.38214 1.1992
2546.62186929231 9.17762 1.26899
2547.012167610706 10.0335 1.31168
2547.402465929102 8.15297 1.23768
2547.792764247499 7.53815 1.19879
2548.183062565895 8.26558 1.23386
2548.573360884291 8.02516 1.22645
2548.963659202687 8.20782 1.2293
2549.353957521083 8.59189 1.25019
2549.744255839479 6.42751 1.15569
2550.134554157875 5.70689 1.11972
2550.524852476271 5.61328 1.11511
2550.915150794668 4.49554 1.06519
2551.305449113064 4.72207 1.07355
2551.695747431461 4.59139 1.06307
2552.086045749856 5.82062 1.12055
2552.476344068252 6.2095 1.1383
2552.866642386649 6.55866 1.16989
2553.256940705045 7.29951 1.19847
2553.647239023441 7.85216 1.2176
2554.037537341837 8.13582 1.22804
2554.427835660233 9.32663 1.26959
2554.818133978629 9.06582 1.2595
2555.208432297025 7.7391 1.21625
2555.598730615422 7.39571 1.20692
2555.989028933818 7.85993 1.22187
2556.379327252214 8.29348 1.23575
2556.769625570611 7.98089 1.22182
2557.159923889006 7.25943 1.19687
2557.550222207403 6.9258 1.18738
2557.940520525798 6.49592 1.17459
2558.330818844195 7.45103 1.20878
2558.721117162591 7.47441 1.20158
2559.111415480987 7.38581 1.20564
2559.501713799383 8.3636 1.24784
2559.892012117779 8.85632 1.26716
2560.282310436176 8.76933 1.27027
2560.672608754572 9.00336 1.27374
2561.062907072968 8.74424 1.26162
2561.453205391364 8.9393 1.27102
2561.84350370976 8.03197 1.23222
2562.233802028157 7.76202 1.21989
2562.624100346553 7.7094 1.21908
2563.014398664949 7.59284 1.22338
2563.404696983345 7.28773 1.20336
2563.794995301741 6.52609 1.16392
2564.185293620137 6.66873 1.17121
2564.575591938533 6.60763 1.16723
2564.96589025693 5.85336 1.13962
2565.356188575326 6.23109 1.1613
2565.746486893722 4.55345 1.07138
2566.136785212118 5.3946 1.10346
2566.527083530514 6.7786 1.17468
2566.91738184891 6.86845 1.17942
2567.307680167306 9.46261 1.28942
2567.697978485702 8.31867 1.24003
2568.088276804098 7.48002 1.20549
2568.478575122494 6.77466 1.18197
2568.86887344089 6.51422 1.17217
2569.259171759287 6.75502 1.18221
2569.649470077683 7.56726 1.2199
2570.039768396079 8.14022 1.24574
2570.430066714475 6.71802 1.18268
2570.820365032872 7.23467 1.20769
2571.210663351268 7.79114 1.23493
2571.600961669663 6.50086 1.1812
2571.99125998806 6.70334 1.18478
2572.381558306456 6.6393 1.18425
2572.771856624853 7.50873 1.20871
2573.162154943248 8.35729 1.2504
2573.552453261644 7.87528 1.24119
2573.942751580041 8.75346 1.27456
2574.333049898437 7.39944 1.21566
2574.723348216833 7.56194 1.22213
2575.11364653523 7.08604 1.19525
2575.503944853625 5.93647 1.14563
2575.894243172022 6.52939 1.17717
2576.284541490418 4.02903 1.05324
2576.674839808814 3.23679 1.01822
2577.06513812721 3.47328 1.03268
2577.455436445606 4.07308 1.05537
2577.845734764002 5.23961 1.1103
2578.236033082398 5.18843 1.11281
2578.626331400795 5.2004 1.11214
2579.016629719191 6.62313 1.17187
2579.406928037587 6.33525 1.16826
2579.797226355983 9.05941 1.27511
2580.187524674379 7.61183 1.21462
2580.577822992776 7.04495 1.19758
2580.968121311172 7.02525 1.19421
2581.358419629568 6.24373 1.162
2581.748717947964 5.08138 1.11767
2582.13901626636 5.23009 1.12143
2582.529314584757 7.58561 1.21916
2582.919612903153 9.07203 1.28569
2583.309911221549 8.15846 1.24897
2583.700209539945 6.82779 1.1963
2584.090507858341 6.89882 1.20427
2584.480806176738 7.2452 1.21471
2584.871104495133 8.39845 1.25899
2585.261402813529 8.2285 1.25591
2585.651701131925 7.63499 1.22271
2586.041999450322 6.26462 1.15863
2586.432297768718 3.50931 1.0257
2586.822596087114 4.41153 1.07088
2587.21289440551 4.84481 1.09563
2587.603192723906 4.18101 1.06259
2587.993491042303 4.71522 1.09167
2588.383789360699 6.19385 1.15757
2588.774087679095 6.6893 1.17341
2589.164385997491 7.3346 1.20323
2589.554684315887 7.22647 1.20834
2589.944982634284 6.81618 1.18934
2590.33528095268 7.77385 1.22544
2590.725579271076 8.29879 1.24463
2591.115877589472 8.38688 1.24492
2591.506175907868 7.51235 1.20812
2591.896474226264 7.57903 1.21414
2592.28677254466 7.67934 1.2186
2592.677070863057 10.6112 1.34268
2593.067369181453 9.63477 1.30353
2593.457667499849 9.55176 1.29524
2593.847965818245 8.82819 1.2616
2594.238264136641 7.35366 1.20051
2594.628562455038 7.66471 1.21978
2595.018860773434 7.03319 1.1939
2595.409159091829 6.72951 1.17491
2595.799457410226 7.23047 1.19733
2596.189755728622 8.85962 1.26868
2596.580054047019 8.49177 1.25324
2596.970352365414 8.18481 1.24956
2597.36065068381 8.09605 1.23797
2597.750949002206 7.96151 1.21514
2598.141247320602 6.90744 1.18217
2598.531545638999 6.69797 1.1809
2598.921843957395 7.14944 1.19814
2599.31214227579 6.35626 1.16612
2599.702440594187 4.78118 1.09183
2600.092738912583 4.40071 1.07326
2600.48303723098 6.03923 1.15458
2600.873335549376 7.06778 1.20447
2601.263633867771 7.58686 1.22195
2601.653932186168 7.20686 1.20081
2602.044230504564 7.61885 1.22034
2602.43452882296 8.62332 1.25952
2602.824827141357 6.81515 1.17863
2603.215125459752 6.66563 1.17943
2603.605423778149 9.33018 1.29081
2603.995722096545 9.97393 1.31599
2604.386020414941 7.83077 1.23062
2604.776318733337 7.33765 1.20323
2605.166617051733 5.70572 1.13029
2605.556915370129 5.30577 1.1223
2605.947213688525 5.477 1.13745
2606.337512006922 5.74428 1.14011
2606.727810325318 7.7353 1.22444
2607.118108643714 7.84698 1.22944
2607.50840696211 8.43234 1.25248
2607.898705280506 9.14768 1.28849
2608.289003598903 7.88007 1.24551
2608.679301917299 7.4629 1.22531
2609.069600235695 8.42705 1.25934
2609.459898554091 9.22032 1.30036
2609.850196872487 9.44958 1.30582
2610.240495190884 8.29006 1.26702
2610.63079350928 7.87205 1.25218
2611.021091827676 8.64616 1.28341
2611.411390146072 8.78955 1.28995
2611.801688464469 8.1852 1.25922
2612.191986782865 7.32608 1.22496
2612.58228510126 7.54713 1.23381
2612.972583419656 7.09239 1.21698
2613.362881738053 6.97132 1.21069
2613.753180056449 6.76153 1.1999
2614.143478374845 7.75556 1.24317
2614.533776693241 8.72569 1.28001
2614.924075011637 8.5112 1.27461
2615.314373330033 8.56802 1.27048
2615.70467164843 7.29125 1.2132
2616.094969966826 7.7853 1.2388
2616.485268285222 7.59498 1.22946
2616.875566603618 8.90737 1.27807
2617.265864922014 7.83985 1.23751
2617.656163240411 8.85402 1.27784
2618.046461558807 9.04666 1.29454
2618.436759877203 7.96931 1.26121
2618.827058195599 9.31737 1.30502
2619.217356513995 9.25752 1.29732
2619.607654832391 8.96747 1.293
2619.997953150787 10.5624 1.35921
2620.388251469184 8.49903 1.26648
2620.77854978758 7.7521 1.23549
2621.168848105976 7.46162 1.22489
2621.559146424372 7.72754 1.23991
2621.949444742769 8.11426 1.26154
2622.339743061165 7.16533 1.2194
2622.730041379561 7.21557 1.20695
2623.120339697956 7.6524 1.22764
2623.510638016353 8.22375 1.25546
2623.900936334749 8.75967 1.27809
2624.291234653146 8.07574 1.25318
2624.681532971541 8.17709 1.25404
2625.071831289937 9.28547 1.29683
2625.462129608333 10.5938 1.34714
2625.85242792673 8.96726 1.28408
2626.242726245126 7.57786 1.22599
2626.633024563522 8.18862 1.2499
2627.023322881917 8.35912 1.26367
2627.413621200314 8.87892 1.28473
2627.80391951871 8.69861 1.27229
2628.194217837107 10.157 1.3349
2628.584516155503 8.9139 1.28252
2628.974814473898 9.42419 1.30946
2629.365112792295 10.0838 1.34523
2629.755411110691 11.4382 1.38885
2630.145709429088 10.4833 1.34688
2630.536007747484 8.22073 1.26034
2630.926306065879 8.78785 1.2839
2631.316604384276 9.58391 1.31103
2631.706902702672 8.92062 1.28363
2632.097201021068 7.55723 1.23181
2632.487499339464 7.43796 1.23173
2632.87779765786 7.62841 1.23922
2633.268095976257 9.27152 1.30225
2633.658394294652 8.28626 1.26274
2634.048692613049 6.76431 1.19897
2634.438990931445 6.83698 1.20353
2634.829289249841 6.75698 1.20403
2635.219587568237 7.44508 1.23834
2635.609885886633 6.44266 1.1882
2636.00018420503 7.57569 1.23538
2636.390482523426 8.88002 1.29477
2636.780780841822 9.53325 1.32139
2637.171079160218 8.7892 1.29072
2637.561377478614 7.7995 1.25571
2637.951675797011 9.27015 1.3139
2638.341974115407 9.19999 1.30659
2638.732272433803 8.44898 1.27667
2639.122570752199 7.57899 1.24039
2639.512869070596 7.63005 1.24157
2639.903167388992 6.33318 1.19066
2640.293465707388 8.10479 1.26295
2640.683764025783 8.58303 1.27849
2641.07406234418 8.40278 1.27099
2641.464360662576 9.93944 1.33577
2641.854658980972 11.9562 1.40907
2642.244957299368 10.8249 1.36743
2642.635255617764 9.73707 1.33771
2643.02555393616 9.82402 1.33661
2643.415852254557 8.66305 1.28602
2643.806150572953 9.50829 1.32022
2644.196448891349 9.67933 1.32328
2644.586747209745 7.34031 1.22863
2644.977045528141 4.35527 1.10157
2645.367343846538 4.4161 1.10515
2645.757642164934 4.63187 1.11715
2646.147940483331 5.37761 1.14577
2646.538238801726 5.21746 1.13835
2646.928537120122 7.45562 1.23675
2647.318835438518 9.47729 1.32599
2647.709133756915 9.12879 1.30727
2648.099432075311 9.82678 1.34651
2648.489730393707 9.77579 1.34716
2648.880028712103 9.20774 1.32258
2649.270327030499 8.35179 1.28799
2649.660625348896 6.9931 1.22328
2650.050923667292 7.90506 1.25816
2650.441221985688 8.24409 1.27792
2650.831520304083 6.43199 1.20362
2651.22181862248 8.85108 1.30374
2651.612116940876 10.7046 1.38055
2652.002415259273 8.94404 1.31124
2652.392713577668 9.6868 1.33367
2652.783011896064 10.7882 1.37357
2653.173310214461 11.3872 1.40233
2653.563608532857 11.5225 1.41205
2653.953906851253 10.817 1.38454
2654.344205169649 8.37156 1.27532
2654.734503488045 8.5623 1.27992
2655.124801806442 9.56619 1.32663
2655.515100124838 8.73205 1.29722
2655.905398443234 10.1534 1.35659
2656.29569676163 10.9716 1.38506
2656.685995080026 10.8698 1.37684
2657.076293398422 10.9684 1.38265
2657.466591716818 9.44878 1.32358
2657.856890035215 9.13865 1.31807
2658.247188353611 10.3806 1.36488
2658.637486672006 10.2964 1.35796
2659.027784990403 9.89355 1.34974
2659.418083308799 10.236 1.36878
2659.808381627195 12.3639 1.44743
2660.198679945592 12.7099 1.45646
2660.588978263987 9.81151 1.33998
2660.979276582384 10.0702 1.35598
2661.369574900779 10.2359 1.36383
2661.759873219176 10.7033 1.37345
2662.150171537572 11.713 1.41249
2662.540469855969 12.1275 1.43273
2662.930768174364 11.4087 1.40429
2663.32106649276 10.4203 1.37333
2663.711364811157 10.1313 1.36004
2664.101663129553 10.787 1.38689
2664.491961447949 10.9314 1.38778
2664.882259766345 10.2275 1.35865
2665.272558084741 11.0366 1.39027
2665.662856403138 9.90716 1.34343
2666.053154721534 10.1176 1.36136
2666.44345303993 9.86183 1.35378
2666.833751358326 9.00933 1.31374
2667.224049676722 8.95955 1.31288
2667.614347995119 7.92984 1.26868
2668.004646313515 7.37019 1.23918
2668.394944631911 8.28727 1.27254
2668.785242950307 10.8883 1.38295
2669.175541268703 11.429 1.41507
2669.565839587099 11.527 1.42191
2669.956137905495 10.6393 1.38546
2670.346436223891 9.91146 1.35598
2670.736734542287 9.78399 1.34274
2671.127032860684 10.4359 1.3695
2671.51733117908 10.8163 1.39281
2671.907629497476 11.9602 1.44123
2672.297927815872 13.0447 1.48412
2672.688226134269 11.3178 1.40977
2673.078524452665 11.754 1.43253
2673.468822771061 12.644 1.47346
2673.859121089458 13.7365 1.50771
2674.249419407853 13.0301 1.48802
2674.639717726249 11.4595 1.43041
2675.030016044645 11.5897 1.43314
2675.420314363042 12.592 1.47187
2675.810612681438 13.8837 1.52329
2676.200910999834 14.4517 1.53787
2676.59120931823 13.444 1.49748
2676.981507636627 13.1218 1.48639
2677.371805955023 11.593 1.42373
2677.762104273419 13.4586 1.49814
2678.152402591815 13.7029 1.51095
2678.542700910211 13.621 1.50617
2678.932999228607 14.3447 1.53437
2679.323297547003 12.1484 1.4541
2679.7135958654 10.8045 1.40485
2680.103894183795 13.2258 1.49446
2680.494192502191 13.1113 1.49709
2680.884490820588 12.1257 1.46269
2681.274789138984 12.1652 1.46524
2681.66508745738 12.532 1.47952
2682.055385775776 12.8952 1.49036
2682.445684094172 13.5602 1.51536
2682.835982412569 13.3041 1.508
2683.226280730964 12.8444 1.48812
2683.616579049361 14.5947 1.54933
2684.006877367757 16.1453 1.60916
2684.397175686153 15.4429 1.58607
2684.787474004549 14.8575 1.56197
2685.177772322945 14.7659 1.56791
2685.568070641342 13.2531 1.51987
2685.958368959738 11.4755 1.44511
2686.348667278133 9.51932 1.35933
2686.73896559653 5.45106 1.17917
2687.129263914926 3.27977 1.08547
2687.519562233322 3.15484 1.08008
2687.909860551719 2.87115 1.07095
2688.300158870114 3.16151 1.07888
2688.690457188511 4.44899 1.13548
2689.080755506906 5.93079 1.20579
2689.471053825303 10.2738 1.38974
2689.861352143699 11.6361 1.45207
2690.251650462096 14.7035 1.56919
2690.641948780491 16.4558 1.63201
2691.032247098888 15.3515 1.59413
2691.422545417284 14.1898 1.55055
2691.81284373568 15.1473 1.57923
2692.203142054076 15.8898 1.60489
2692.593440372472 14.782 1.57143
2692.983738690868 15.8654 1.60645
2693.374037009265 17.4685 1.66321
2693.764335327661 16.4743 1.63
2694.154633646057 17.0686 1.64885
2694.544931964453 18.381 1.69615
2694.935230282849 17.9725 1.68238
2695.325528601246 17.06 1.64767
2695.715826919642 15.9829 1.62459
2696.106125238038 14.966 1.5881
2696.496423556434 17.7506 1.67652
2696.886721874831 18.7506 1.7199
2697.277020193226 19.2744 1.73375
2697.667318511622 19.6244 1.73804
2698.057616830018 20.3629 1.76725
2698.447915148415 19.4056 1.73667
2698.838213466811 19.7105 1.74262
2699.228511785207 19.9175 1.75387
2699.618810103603 20.748 1.7721
2700.009108421999 19.8839 1.74443
2700.399406740396 18.4892 1.70147
2700.789705058792 18.4817 1.70772
2701.180003377188 17.8255 1.68654
2701.570301695584 17.5912 1.67589
2701.96060001398 17.9995 1.68318
2702.350898332376 18.2644 1.69154
2702.741196650773 12.7024 1.49968
2703.131494969169 8.21556 1.32496
2703.521793287565 4.88995 1.17408
2703.912091605961 6.7038 1.25663
2704.302389924357 7.72745 1.30947
2704.692688242754 9.22996 1.36921
2705.08298656115 13.8025 1.54442
2705.473284879546 17.1855 1.67417
2705.863583197942 18.1325 1.70198
2706.253881516338 19.3756 1.73954
2706.644179834734 18.2077 1.70886
2707.034478153131 17.9908 1.69585
2707.424776471527 20.565 1.77922
2707.815074789922 20.4096 1.78128
2708.205373108318 22.5137 1.85017
2708.595671426715 23.7966 1.88259
2708.985969745111 22.1982 1.84073
2709.376268063507 21.5568 1.82469
2709.766566381903 21.201 1.80829
2710.156864700299 19.3559 1.75319
2710.547163018696 20.4776 1.79069
2710.937461337092 20.982 1.80435
2711.327759655489 22.1805 1.83616
2711.718057973884 21.5023 1.81768
2712.10835629228 22.2669 1.85934
2712.498654610677 23.6006 1.90468
2712.888952929073 21.8741 1.84597
2713.279251247469 17.4225 1.6954
2713.669549565865 13.4136 1.54936
2714.059847884262 9.69991 1.40834
2714.450146202657 7.75833 1.33043
2714.840444521054 11.9858 1.49869
2715.23074283945 15.5831 1.62938
2715.621041157846 18.879 1.74426
2716.011339476241 22.1133 1.84401
2716.401637794638 25.9061 1.96486
2716.791936113034 25.5064 1.95261
2717.18223443143 24.415 1.92415
2717.572532749826 22.7823 1.8733
2717.962831068223 20.0704 1.78458
2718.353129386618 19.9078 1.77925
2718.743427705015 16.0713 1.65052
2719.133726023411 16.4773 1.66687
2719.524024341807 21.9297 1.84491
2719.914322660203 27.3055 2.01396
2720.304620978599 27.9212 2.03127
2720.694919296995 29.315 2.07371
2721.085217615392 29.2748 2.07181
2721.475515933788 29.2837 2.0662
2721.865814252184 30.2447 2.09714
2722.25611257058 28.7971 2.06505
2722.646410888976 29.6535 2.07543
2723.036709207373 32.1803 2.14957
2723.427007525769 33.2005 2.19044
2723.817305844165 31.3408 2.12701
2724.207604162561 30.0848 2.09727
2724.597902480958 27.4323 2.01655
2724.988200799353 19.6915 1.77003
2725.37849911775 12.3623 1.51957
2725.768797436145 8.97563 1.39647
2726.159095754542 8.09009 1.35955
2726.549394072938 5.68044 1.24821
2726.939692391334 7.07713 1.30552
2727.32999070973 8.91765 1.3881
2727.720289028127 13.6179 1.57283
2728.110587346523 21.7705 1.85159
2728.500885664918 31.2957 2.13288
2728.891183983315 39.6501 2.35484
2729.281482301711 41.2506 2.39528
2729.671780620107 42.3182 2.42028
2730.062078938503 44.6446 2.47827
2730.4523772569 45.6398 2.50899
2730.842675575296 45.0688 2.49634
2731.232973893693 45.7407 2.50527
2731.623272212088 45.7182 2.50325
2732.013570530484 48.4056 2.56499
2732.403868848881 52.1275 2.64569
2732.794167167277 51.0378 2.62594
2733.184465485673 46.3924 2.51553
2733.574763804069 50.5128 2.60875
2733.965062122465 49.4956 2.59722
2734.355360440861 52.7569 2.67387
2734.745658759258 53.7876 2.68898
2735.135957077654 47.4923 2.55747
2735.526255396049 47.1903 2.55135
2735.916553714445 45.4466 2.50696
2736.306852032842 42.2466 2.42653
2736.697150351238 38.1488 2.31836
2737.087448669635 34.8302 2.24954
2737.47774698803 30.8036 2.14113
2737.868045306427 26.4164 2.01072
2738.258343624823 22.7459 1.90279
2738.648641943219 27.0037 2.04567
2739.038940261616 28.8115 2.09286
2739.429238580011 28.3264 2.07333
2739.819536898407 27.7637 2.05857
2740.209835216804 33.4995 2.21628
2740.6001335352 41.3665 2.42116
2740.990431853596 43.028 2.46498
2741.380730171992 39.6624 2.37795
2741.771028490388 40.7746 2.40368
2742.161326808784 40.6589 2.40621
2742.55162512718 42.3532 2.44688
2742.941923445577 40.3076 2.39304
2743.332221763973 41.2256 2.41928
2743.722520082368 42.3955 2.45409
2744.112818400765 41.4464 2.42235
2744.503116719161 36.5427 2.30851
2744.893415037557 37.2285 2.33361
2745.283713355954 35.4826 2.27868
2745.674011674349 35.8577 2.28712
2746.064309992746 38.4722 2.35195
2746.454608311142 34.593 2.2441
2746.844906629538 32.2084 2.19289
2747.235204947934 30.3766 2.14506
2747.62550326633 28.5789 2.08158
2748.015801584726 26.4822 2.01575
2748.406099903122 27.6494 2.05113
2748.796398221519 27.406 2.06013
2749.186696539915 27.7039 2.06889
2749.576994858311 28.0769 2.0724
2749.967293176707 28.4925 2.08756
2750.357591495104 26.617 2.03052
2750.7478898135 26.4647 2.03166
2751.138188131896 28.8392 2.10542
2751.528486450292 25.7689 2.00794
2751.918784768688 27.0896 2.05034
2752.309083087084 26.0165 2.01335
2752.69938140548 25.1682 1.98807
2753.089679723877 27.1031 2.05522
2753.479978042273 26.6067 2.03581
2753.870276360669 25.0281 1.99354
2754.260574679065 24.2341 1.97772
2754.650872997461 23.6374 1.95637
2755.041171315857 26.3634 2.04143
2755.431469634254 22.4322 1.9222
2755.82176795265 20.8056 1.8653
2756.212066271046 21.0186 1.86969
2756.602364589442 20.8713 1.8624
2756.992662907838 21.2205 1.87477
2757.382961226234 22.4648 1.91837
2757.77325954463 21.5726 1.88987
2758.163557863027 22.3467 1.91065
2758.553856181423 20.8046 1.85959
2758.94415449982 19.0989 1.80762
2759.334452818215 20.6129 1.86324
2759.724751136611 20.6773 1.86248
2760.115049455008 22.8894 1.94526
2760.505347773404 22.3825 1.93176
2760.8956460918 22.8309 1.94367
2761.285944410196 23.8267 1.97197
2761.676242728592 18.242 1.78722
2762.066541046989 17.3589 1.76416
2762.456839365385 18.2283 1.79889
2762.84713768378 20.0873 1.8583
2763.237436002176 19.7995 1.84301
2763.627734320573 19.9034 1.85082
2764.018032638969 20.3846 1.86236
2764.408330957365 20.1745 1.85612
2764.798629275762 19.928 1.85134
2765.188927594157 18.6574 1.81382
2765.579225912554 19.3465 1.83473
2765.96952423095 19.8156 1.84991
2766.359822549346 20.766 1.88352
2766.750120867743 20.9913 1.88216
2767.140419186138 18.7244 1.81361
2767.530717504534 18.242 1.7987
2767.921015822931 15.6972 1.70859
2768.311314141327 16.6109 1.74795
2768.701612459723 16.2647 1.73632
2769.091910778119 15.3135 1.69056
2769.482209096515 16.903 1.75531
2769.872507414912 19.7582 1.85474
2770.262805733308 17.1439 1.76231
2770.653104051705 17.0888 1.76768
2771.0434023701 16.6237 1.75268
2771.433700688496 17.3442 1.77908
2771.823999006892 18.3001 1.81698
2772.214297325289 17.9474 1.80661
2772.604595643685 17.4825 1.77385
2772.994893962081 18.5027 1.81884
2773.385192280476 16.6102 1.75433
2773.775490598873 16.8648 1.76439
2774.165788917269 15.5637 1.72554
2774.556087235666 15.3985 1.71509
2774.946385554061 16.1287 1.7389
2775.336683872457 15.8933 1.74307
2775.726982190853 17.7578 1.80748
2776.11728050925 18.3009 1.82548
2776.507578827646 16.6987 1.76777
2776.897877146042 15.162 1.70569
2777.288175464438 17.9736 1.81319
2777.678473782834 17.0192 1.79068
2778.068772101231 17.5384 1.80546
2778.459070419627 17.9042 1.81674
2778.849368738023 16.888 1.77837
2779.239667056419 15.6124 1.72726
2779.629965374815 17.4122 1.78555
2780.020263693211 16.8647 1.7692
2780.410562011608 16.482 1.76707
2780.800860330004 16.223 1.76761
2781.1911586484 17.4518 1.80412
2781.581456966796 15.5963 1.73358
2781.971755285192 17.6374 1.80361
2782.362053603588 16.9016 1.77229
2782.752351921984 17.7781 1.80785
2783.142650240381 18.4529 1.83496
2783.532948558777 20.3098 1.89335
2783.923246877173 19.6025 1.8784
2784.313545195569 21.1248 1.93043
2784.703843513966 20.1774 1.89205
2785.094141832361 19.9324 1.89206
2785.484440150757 19.0202 1.86016
2785.874738469154 18.8784 1.86519
2786.26503678755 17.3018 1.80956
2786.655335105946 16.5955 1.77574
2787.045633424342 15.2302 1.72694
2787.435931742738 16.3161 1.77134
2787.826230061135 19.7138 1.8944
2788.216528379531 21.1933 1.9447
2788.606826697927 18.7039 1.86647
2788.997125016323 19.1264 1.88196
2789.387423334719 18.5792 1.85489
2789.777721653116 18.8104 1.86936
2790.168019971512 17.7555 1.82853
2790.558318289908 18.3559 1.84591
2790.948616608303 19.8636 1.90223
2791.3389149267 20.119 1.91871
2791.729213245096 18.4427 1.87132
2792.119511563492 19.7379 1.90781
2792.509809881889 18.6993 1.87244
2792.900108200285 16.6763 1.80172
2793.290406518681 16.8679 1.8058
2793.680704837077 15.9891 1.77567
2794.071003155473 17.0508 1.82285
2794.46130147387 17.4562 1.83937
2794.851599792265 14.1526 1.71523
2795.241898110661 12.7179 1.65979
2795.632196429058 9.78484 1.53655
2796.022494747454 6.15876 1.37694
2796.412793065851 7.95681 1.4637
2796.803091384246 9.02878 1.51819
2797.193389702642 14.0237 1.71319
2797.583688021039 15.8503 1.77312
2797.973986339435 16.1034 1.78759
2798.364284657832 18.0111 1.86037
2798.754582976227 17.8011 1.85734
2799.144881294623 15.7355 1.78865
2799.535179613019 14.8326 1.75018
2799.925477931416 16.4631 1.80379
2800.315776249812 15.8535 1.78581
2800.706074568208 15.8712 1.79069
2801.096372886603 16.3109 1.797
2801.486671205 13.9519 1.71201
2801.876969523396 16.0836 1.8032
2802.267267841793 14.8055 1.74358
2802.657566160188 10.8937 1.58712
2803.047864478584 5.52745 1.35768
2803.43816279698 5.49975 1.3527
2803.828461115377 7.42129 1.45319
2804.218759433773 12.0482 1.64743
2804.609057752169 12.419 1.65442
2804.999356070565 13.2762 1.68643
2805.389654388962 12.7615 1.6685
2805.779952707358 12.4428 1.66024
2806.170251025754 12.0376 1.64136
2806.56054934415 11.2191 1.60929
2806.950847662546 12.9908 1.68109
2807.341145980942 11.7055 1.63922
2807.731444299338 13.4823 1.70551
2808.121742617735 15.0669 1.76465
2808.512040936131 13.0517 1.68648
2808.902339254527 11.2454 1.61516
2809.292637572923 10.7947 1.60278
2809.682935891319 11.1754 1.61686
2810.073234209715 12.4765 1.6844
2810.463532528112 10.1917 1.5867
2810.853830846508 11.9328 1.65036
2811.244129164904 12.8999 1.68984
2811.6344274833 11.9443 1.64489
2812.024725801696 10.3914 1.58544
2812.415024120093 10.6916 1.60813
2812.805322438489 10.9586 1.62328
2813.195620756884 10.389 1.60238
2813.58591907528 10.6174 1.6039
2813.976217393677 11.861 1.65766
2814.366515712073 12.6905 1.69659
2814.756814030469 10.2914 1.604
2815.147112348865 9.54361 1.57161
2815.537410667262 11.6619 1.65236
2815.927708985658 11.2677 1.63346
2816.318007304054 9.11737 1.54872
2816.70830562245 12.2222 1.677
2817.098603940846 10.4259 1.6039
2817.488902259243 11.5235 1.64423
2817.879200577639 11.3077 1.63577
2818.269498896035 10.55 1.61417
2818.659797214431 10.8834 1.63086
2819.050095532827 12.243 1.68709
2819.440393851223 11.9535 1.67705
2819.830692169619 11.253 1.64513
2820.220990488015 12.0004 1.67629
2820.611288806412 11.4545 1.66291
2821.001587124808 8.83079 1.54553
2821.391885443204 10.3457 1.60122
2821.7821837616 10.5002 1.62626
2822.172482079997 11.4289 1.66771
2822.562780398392 10.4696 1.60502
2822.953078716789 11.3647 1.6549
2823.343377035185 10.1417 1.59988
2823.733675353581 11.4311 1.64742
2824.123973671978 8.60902 1.52959
2824.514271990373 8.51375 1.51903
2824.904570308769 11.6547 1.65269
2825.294868627166 12.4467 1.69735
2825.685166945562 10.448 1.61145
2826.075465263959 10.8895 1.62168
2826.465763582354 12.9396 1.69708
2826.85606190075 12.5302 1.67606
2827.246360219147 12.4688 1.6708
2827.636658537543 10.8199 1.59828
2828.026956855939 9.54127 1.54798
2828.417255174335 11.5278 1.63588
2828.807553492731 12.5287 1.6742
2829.197851811127 11.7795 1.63292
2829.588150129523 12.5762 1.66528
2829.97844844792 14.3983 1.73097
2830.368746766315 12.5535 1.66498
2830.759045084712 13.3149 1.70718
2831.149343403108 11.2202 1.67592
2831.539641721504 10.6043 1.62936
2831.929940039901 7.60963 1.71545
2832.320238358296 6.26757 1.82798
2832.710536676693 7.6647 1.90073
2833.100834995089 8.8054 1.969
2833.491133313485 10.1044 2.03048
2833.881431631881 8.49615 1.96748
2834.271729950277 6.90723 1.87751
2834.662028268673 9.67828 2.03251
2835.052326587069 10.6578 2.10608
2835.442624905465 7.79205 1.92134
2835.832923223862 5.6658 1.80608
2836.223221542258 5.31121 1.78551
2836.613519860654 4.89939 1.74772
2837.00381817905 8.04048 1.9437
2837.394116497446 8.63433 1.98271
2837.784414815842 9.30733 2.01508
2838.174713134239 10.8657 2.08937
2838.565011452635 9.48041 2.009
2838.955309771031 9.18288 2.00443
2839.345608089427 7.31443 1.90663
2839.735906407824 6.008 1.85057
2840.12620472622 8.99948 2.00139
2840.516503044616 9.99468 2.0531
2840.906801363011 6.1598 1.84011
2841.297099681408 8.14162 1.95691
2841.687397999804 10.9546 2.11131
2842.0776963182 11.5892 2.15039
2842.467994636596 11.3249 2.12427
2842.858292954992 7.91703 1.93797
2843.248591273389 7.98472 1.94717
2843.638889591785 7.56352 1.91185
2844.029187910181 9.55474 2.02103
2844.419486228577 10.9879 2.10336
2844.809784546973 8.91619 1.99052
2845.20008286537 12.0241 2.14437
2845.590381183766 11.1133 2.09617
2845.980679502162 10.3134 2.04294
2846.370977820558 9.37878 1.97507
2846.761276138954 7.24554 1.86494
2847.151574457351 9.88864 2.02453
2847.541872775746 9.98089 2.00116
2847.932171094142 13.4861 2.18764
2848.322469412539 8.35227 1.8897
2848.712767730935 10.6477 2.01799
2849.103066049331 11.5882 2.07554
2849.493364367727 10.0406 1.98663
2849.883662686124 9.99653 1.97182
2850.273961004519 11.4249 2.03781
2850.664259322916 7.71797 1.81478
2851.054557641312 8.73443 1.87379
2851.444855959708 11.5035 2.02743
2851.835154278105 11.2404 2.03594
2852.225452596501 10.0148 2.0077
2852.615750914896 8.12157 1.92652
2853.006049233293 7.74114 2.11463
2853.396347551689 8.02332 3.0291
2853.786645870086 2.64717 2.46708
2854.176944188481 13.6157 3.39427
2854.567242506877 14.8808 3.52444
2854.957540825274 14.7233 3.5668
2855.34783914367 11.9028 3.35181
2855.738137462066 7.20339 2.93969
2856.128435780462 4.31633 2.67942
2856.518734098858 6.73036 2.90655
2856.909032417254 3.82324 2.64823
2857.299330735651 4.39615 2.71146
2857.689629054047 7.82878 3.04691
2858.079927372443 11.4727 3.32029
2858.470225690839 10.5751 3.2635
2858.860524009235 7.20238 3.00004
2859.250822327631 7.81697 2.99853
2859.641120646027 5.75596 2.78523
2860.031418964423 9.20026 3.12393
2860.42171728282 13.6392 3.46244
2860.812015601216 9.04283 3.09023
2861.202313919612 14.9858 3.55232
2861.592612238008 8.41892 2.94279
2861.982910556404 9.31733 3.04204
2862.3732088748 8.795 3.0143
2862.763507193196 7.35771 2.84471
2863.153805511592 12.5569 3.24984
2863.544103829989 13.4779 3.33354
2863.934402148385 9.79197 2.99913
2864.324700466781 10.5041 3.02611
2864.714998785177 11.9271 3.16737
2865.105297103573 15.2271 3.43229
2865.49559542197 11.0912 3.05084
2865.885893740366 10.1557 2.92597
2866.276192058762 10.3846 2.96652
2866.666490377158 9.60755 2.87748
2867.056788695554 9.63368 2.85572
2867.447087013951 12.0479 3.08399
2867.837385332347 6.85218 2.67522
2868.227683650743 8.34588 3.04395
2868.617981969138 8.53818 3.08306
2869.008280287535 0 0
2869.398578605931 0 0
2869.788876924327 0 0
2870.179175242723 0 0
2870.56947356112 0 0
2870.959771879516 0 0
2871.350070197912 0 0
2871.740368516308 0 0
2872.130666834704 0 0
2872.5209651531 0 0
2872.911263471497 0 0
2873.301561789893 0 0
2873.691860108289 0 0
2874.082158426685 0 0
2874.472456745081 0 0
2874.862755063478 0 0
2875.253053381873 0 0
2875.64335170027 0 0
2876.033650018666 0 0
2876.423948337062 0 0
2876.814246655458 0 0
2877.204544973854 0 0
2877.594843292251 0 0
2877.985141610647 0 0
2878.375439929043 0 0
2878.765738247439 0 0
2879.156036565835 0 0
2879.546334884232 0 0
2879.936633202628 0 0
2880.326931521023 0 0
2880.71722983942 0 0
2881.107528157816 0 0
2881.497826476213 0 0
2881.888124794608 0 0
2882.278423113004 0 0
2882.668721431401 0 0
2883.059019749797 0 0
2883.449318068193 0 0
2883.839616386589 0 0
2884.229914704985 0 0
2884.620213023381 0 0
2885.010511341778 0 0
2885.400809660174 0 0
2885.79110797857 0 0
2886.181406296966 0 0
2886.571704615363 0 0
2886.962002933758 0 0
2887.352301252155 0 0
2887.74259957055 0 0
2888.132897888947 0 0
2888.523196207343 0 0
2888.913494525739 0 0
2889.303792844136 0 0
2889.694091162531 0 0
2890.084389480928 0 0
2890.474687799324 0 0
2890.864986117721 0 0
2891.255284436117 0 0
2891.645582754512 0 0
2892.035881072908 0 0
2892.426179391304 0 0
2892.8164777097 0 0
2893.206776028097 0 0
2893.597074346493 0 0
2893.987372664889 0 0
2894.377670983285 0 0
2894.767969301682 0 0
2895.158267620078 0 0
2895.548565938474 0 0
2895.93886425687 0 0
2896.329162575266 0 0
2896.719460893662 0 0
2897.109759212058 0 0
2897.500057530454 0 0
2897.89035584885 0 0
2898.280654167247 0 0
2898.670952485643 0 0
2899.061250804039 0 0
2899.451549122435 0 0
2899.841847440831 0 0
2900.232145759227 0 0
2900.622444077624 0 0
2901.01274239602 0 0
2901.403040714416 0 0
2901.793339032812 0 0
2902.183637351208 0 0
2902.573935669605 0 0
2902.964233988 0 0
