1.30
lambda flux err
2406.087899443762 0 0
2406.478198169263 0 0
2406.868496894764 0 0
2407.258795620265 0 0
2407.649094345765 0 0
2408.039393071266 0 0
2408.429691796767 0 0
2408.819990522268 0 0
2409.210289247768 0 0
2409.600587973269 0 0
2409.99088669877 0 0
2410.381185424271 0 0
2410.771484149772 0 0
2411.161782875272 0 0
2411.552081600774 0 0
2411.942380326274 0 0
2412.332679051775 0 0
2412.722977777276 0 0
2413.113276502776 0 0
2413.503575228277 0 0
2413.893873953778 0 0
2414.284172679279 0 0
2414.674471404779 0 0
2415.064770130281 0 0
2415.455068855781 0 0
2415.845367581282 0 0
2416.235666306782 0 0
2416.625965032284 0 0
2417.016263757785 0 0
2417.406562483286 0 0
2417.796861208786 0 0
2418.187159934287 0 0
2418.577458659788 0 0
2418.967757385288 0 0
2419.358056110789 0 0
2419.748354836289 0 0
2420.138653561791 0 0
2420.528952287292 0 0
2420.919251012793 0 0
2421.309549738293 0 0
2421.699848463794 0 0
2422.090147189295 0 0
2422.480445914796 0 0
2422.870744640297 0 0
2423.261043365797 0 0
2423.651342091298 0 0
2424.041640816799 0 0
2424.431939542299 0 0
2424.8222382678 0 0
2425.212536993301 4.36364 1.64983
2425.602835718802 4.85271 1.78421
2425.993134444303 4.73057 1.6858
2426.383433169804 9.62254 2.26335
2426.773731895304 4.1329 1.66139
2427.164030620805 4.82623 1.80714
2427.554329346306 3.38642 1.64951
2427.944628071807 7.31857 2.00808
2428.334926797308 6.37215 1.98756
2428.725225522808 2.49404 1.62014
2429.115524248309 5.06945 1.86851
2429.50582297381 5.39193 1.91183
2429.89612169931 3.90571 1.7678
2430.286420424811 3.98063 1.76765
2430.676719150312 4.25792 1.8265
2431.067017875813 4.16195 1.82887
2431.457316601314 4.64059 1.87801
2431.847615326815 5.55 1.98349
2432.237914052315 5.6714 1.97622
2432.628212777817 4.38138 1.91588
2433.018511503317 5.01083 1.95801
2433.408810228818 3.07347 1.8128
2433.799108954319 2.06894 1.67351
2434.18940767982 0.978839 1.64162
2434.57970640532 3.26754 1.84613
2434.970005130821 3.91736 1.89444
2435.360303856322 3.40174 1.8836
2435.750602581822 1.10241 1.6151
2436.140901307324 1.74854 1.70476
2436.531200032824 1.26108 1.73563
2436.921498758325 0.856499 1.63003
2437.311797483825 3.5826 1.87937
2437.702096209327 0.655703 1.60594
2438.092394934828 -1.42514 1.32697
2438.482693660328 2.12871 1.79827
2438.872992385829 0.200141 1.52662
2439.26329111133 2.43374 1.80279
2439.653589836831 2.86324 1.80136
2440.043888562331 3.61908 1.90059
2440.434187287832 0.0236137 1.49097
2440.824486013333 0.612569 1.60221
2441.214784738834 3.13155 1.85917
2441.605083464335 0.889637 1.56086
2441.995382189835 3.06572 1.8079
2442.385680915336 1.47385 1.70891
2442.775979640837 -0.498016 1.43388
2443.166278366338 2.90363 1.80705
2443.556577091838 2.69724 1.79734
2443.946875817339 8.03153 2.17654
2444.33717454284 2.86803 1.78516
2444.727473268341 1.65659 1.68508
2445.117771993842 3.30059 1.82513
2445.508070719343 2.95738 1.79817
2445.898369444843 2.25229 1.73573
2446.288668170344 2.49658 1.74414
2446.678966895845 3.71903 1.25159
2447.069265621345 3.21182 1.2168
2447.459564346846 2.51784 1.17258
2447.849863072348 4.96341 1.33279
2448.240161797848 3.58464 1.26015
2448.630460523349 5.18535 1.34921
2449.020759248849 2.72747 1.19069
2449.411057974351 3.07442 1.21212
2449.801356699851 3.81633 1.29268
2450.191655425352 5.33982 1.36342
2450.581954150853 4.2287 1.31185
2450.972252876354 3.18192 1.23127
2451.362551601855 2.76948 1.22659
2451.752850327355 1.48716 1.11193
2452.143149052856 3.1119 1.25061
2452.533447778356 2.74805 1.2204
2452.923746503858 2.42069 1.20441
2453.314045229358 1.64691 1.16621
2453.704343954859 2.96148 1.25402
2454.09464268036 2.46059 1.21575
2454.484941405861 2.17747 1.20303
2454.875240131362 3.51709 1.2953
2455.265538856863 1.71609 1.18498
2455.655837582364 2.87515 1.2734
2456.046136307864 3.83865 1.32246
2456.436435033365 2.68429 1.24685
2456.826733758866 2.98165 1.25825
2457.217032484366 2.6534 1.22469
2457.607331209867 1.50561 1.16337
2457.997629935368 3.41622 1.28885
2458.387928660869 3.19805 1.26263
2458.77822738637 4.57534 1.34282
2459.168526111871 3.97094 1.30113
2459.558824837371 5.00477 1.36763
2459.949123562872 2.53587 1.22386
2460.339422288373 1.19777 1.12622
2460.729721013874 0.476936 1.07188
2461.120019739374 2.1361 1.18001
2461.510318464875 3.84396 1.28977
2461.900617190376 1.36489 1.12822
2462.290915915877 1.81106 1.17086
2462.681214641377 3.03005 1.21912
2463.071513366878 2.15457 1.15802
2463.461812092379 4.16732 1.32258
2463.85211081788 3.26476 1.25273
2464.242409543381 1.12312 1.10485
2464.632708268881 3.36443 1.24651
2465.023006994382 2.83087 1.21665
2465.413305719884 3.80356 1.26564
2465.803604445384 2.12293 1.17375
2466.193903170885 0.508472 1.03412
2466.584201896385 2.19961 1.15538
2466.974500621887 3.17566 1.2152
2467.364799347387 3.98597 1.28064
2467.755098072888 3.17445 1.21945
2468.145396798389 2.40706 1.17513
2468.535695523889 5.72237 1.38365
2468.925994249391 2.98191 1.20979
2469.316292974891 1.9688 1.14999
2469.706591700392 2.28386 1.16859
2470.096890425892 1.15356 1.06465
2470.487189151394 4.26344 1.27671
2470.877487876894 4.41637 1.30169
2471.267786602395 1.8451 1.1298
2471.658085327896 3.68064 1.24073
2472.048384053397 3.06 1.21108
2472.438682778898 2.61325 1.17064
2472.828981504399 3.34207 1.21128
2473.219280229899 2.76325 1.18858
2473.6095789554 2.53858 1.16964
2473.999877680901 2.20056 1.13424
2474.390176406401 2.355 1.1532
2474.780475131902 4.83638 1.32142
2475.170773857403 3.32889 1.19798
2475.561072582904 4.14929 1.27669
2475.951371308405 2.89209 1.17321
2476.341670033905 4.1181 1.2734
2476.731968759406 3.97817 1.23775
2477.122267484907 3.84081 1.2387
2477.512566210408 2.75689 1.17246
2477.902864935909 2.65469 1.16557
2478.29316366141 2.00595 1.12221
2478.68346238691 2.32397 1.14404
2479.073761112411 3.96174 1.22901
2479.464059837912 2.96601 1.18003
2479.854358563412 3.71109 1.22034
2480.244657288913 3.35489 1.20952
2480.634956014414 2.86338 1.15091
2481.025254739915 3.60269 1.19982
2481.415553465415 4.27469 1.24032
2481.805852190916 4.61079 1.27832
2482.196150916417 3.15826 1.18133
2482.586449641918 3.62069 1.21204
2482.97674836742 2.86374 1.15949
2483.36704709292 2.06257 1.1015
2483.757345818421 1.26196 1.03693
2484.147644543922 3.12375 1.1667
2484.537943269422 2.76064 1.15868
2484.928241994923 2.5245 1.14676
2485.318540720423 2.67969 1.15561
2485.708839445924 2.86328 1.16547
2486.099138171425 3.33437 1.17834
2486.489436896927 3.07038 1.16412
2486.879735622427 1.68473 1.06759
2487.270034347928 1.81214 1.0865
2487.660333073428 3.00236 1.15994
2488.05063179893 2.6451 1.12928
2488.44093052443 2.63927 1.15477
2488.831229249931 3.70871 1.20808
2489.221527975432 2.22991 1.09772
2489.611826700933 1.74381 1.07959
2490.002125426433 2.76589 1.14824
2490.392424151934 4.1687 1.21991
2490.782722877435 5.13504 1.29256
2491.173021602935 4.97761 1.28596
2491.563320328437 3.33705 1.17143
2491.953619053937 2.6125 1.13014
2492.343917779438 2.81258 1.15245
2492.734216504939 2.97043 1.14685
2493.12451523044 4.58004 1.25538
2493.514813955941 1.46493 1.04825
2493.905112681441 3.4629 1.17361
2494.295411406942 3.49643 1.18981
2494.685710132443 2.20682 1.09717
2495.076008857944 4.77437 1.2622
2495.466307583444 2.44779 1.1184
2495.856606308945 1.96205 1.09312
2496.246905034446 1.70548 1.07779
2496.637203759947 3.0319 1.15946
2497.027502485448 3.67011 1.19371
2497.417801210948 2.85456 1.14558
2497.808099936449 3.53589 1.18898
2498.19839866195 3.90506 1.21462
2498.588697387451 2.71113 1.12225
2498.978996112951 1.57851 1.0589
2499.369294838452 2.36815 1.12029
2499.759593563953 3.39803 1.20184
2500.149892289454 2.26717 1.10576
2500.540191014955 2.30023 1.10567
2500.930489740456 3.82903 1.19754
2501.320788465956 3.22604 1.17263
2501.711087191457 2.50387 1.10858
2502.101385916958 1.90932 1.06994
2502.491684642458 1.84147 1.07536
2502.881983367959 2.18999 1.08476
2503.27228209346 2.19668 1.1002
2503.662580818961 2.74136 1.12993
2504.052879544462 2.05577 1.07583
2504.443178269963 1.63266 1.04945
2504.833476995464 3.21205 1.14712
2505.223775720964 2.24018 1.09767
2505.614074446465 1.12723 1.01242
2506.004373171966 1.68001 1.07325
2506.394671897467 1.8614 1.07624
2506.784970622967 2.0775 1.09735
2507.175269348468 1.71865 1.06286
2507.56556807397 3.80895 1.19937
2507.95586679947 1.84062 1.06601
2508.346165524971 1.96731 1.08977
2508.736464250471 1.49714 1.06287
2509.126762975972 2.6672 1.12338
2509.517061701473 2.0401 1.08943
2509.907360426974 2.625 1.13448
2510.297659152475 1.54976 1.05172
2510.687957877976 2.58102 1.1333
2511.078256603477 1.30297 1.04842
2511.468555328977 2.29766 1.11444
2511.858854054478 2.13308 1.10169
2512.249152779978 3.9012 1.2208
2512.63945150548 3.92603 1.20454
2513.02975023098 3.84396 1.19258
2513.420048956481 2.03688 1.10557
2513.810347681981 3.37415 1.18861
2514.200646407482 3.32482 1.18576
2514.590945132983 2.75329 1.14845
2514.981243858484 2.23942 1.11
2515.371542583985 3.93242 1.20177
2515.761841309486 3.62437 1.179
2516.152140034987 1.9132 1.0936
2516.542438760487 3.77525 1.20558
2516.932737485989 4.23715 1.23165
2517.323036211489 1.97882 1.08591
2517.71333493699 3.59904 1.18197
2518.103633662491 4.04868 1.22326
2518.493932387991 2.99289 1.16016
2518.884231113492 2.23198 1.11221
2519.274529838993 1.0312 1.02198
2519.664828564494 3.32823 1.17975
2520.055127289994 4.09654 1.23024
2520.445426015495 2.71558 1.1397
2520.835724740996 2.06364 1.09455
2521.226023466497 1.0632 1.035
2521.616322191998 2.58469 1.13088
2522.006620917499 1.73047 1.07253
2522.396919643 1.73324 1.07363
2522.7872183685 2.73943 1.13801
2523.177517094001 3.01559 1.16085
2523.567815819502 3.55853 1.18541
2523.958114545002 2.90175 1.14782
2524.348413270504 2.00895 1.10204
2524.738711996004 2.31639 1.13158
2525.129010721505 2.95936 1.15359
2525.519309447005 3.49638 1.19914
2525.909608172506 2.11679 1.09908
2526.299906898007 1.74653 1.08456
2526.690205623508 2.82585 1.14378
2527.080504349009 3.93628 1.19916
2527.47080307451 2.56676 1.13319
2527.861101800011 1.50847 1.06075
2528.251400525511 0.481151 0.986715
2528.641699251012 0.848384 1.01402
2529.031997976513 1.87251 1.08343
2529.422296702014 4.00338 1.2222
2529.812595427514 2.7735 1.14583
2530.202894153015 2.7262 1.14094
2530.593192878515 2.25836 1.10622
2530.983491604016 2.25753 1.11217
2531.373790329518 2.19393 1.10136
2531.764089055019 2.89715 1.16153
2532.154387780519 3.48203 1.19144
2532.54468650602 2.34608 1.12051
2532.934985231521 1.63035 1.08296
2533.325283957021 0.382676 0.987801
2533.715582682523 1.60741 1.07627
2534.105881408023 3.10631 1.17266
2534.496180133524 3.0084 1.15733
2534.886478859025 3.62695 1.20805
2535.276777584525 4.55375 1.27227
2535.667076310026 3.65567 1.2071
2536.057375035526 3.51628 1.19956
2536.447673761028 2.77435 1.14534
2536.837972486529 1.50681 1.04887
2537.22827121203 2.20078 1.12069
2537.61856993753 1.38196 1.06415
2538.008868663031 1.54607 1.06392
2538.399167388533 2.3659 1.13992
2538.789466114033 1.82294 1.09199
2539.179764839534 3.47187 1.19708
2539.570063565034 2.19391 1.11514
2539.960362290535 1.27042 1.0487
2540.350661016036 2.65914 1.13999
2540.740959741537 2.70471 1.1486
2541.131258467037 2.62865 1.14552
2541.521557192538 2.92563 1.16109
2541.911855918039 2.10568 1.09942
2542.30215464354 2.09518 1.10091
2542.692453369041 2.65157 1.15002
2543.082752094542 2.17628 1.1246
2543.473050820043 1.80808 1.08327
2543.863349545543 2.16422 1.10763
2544.253648271044 2.61031 1.13572
2544.643946996544 2.80511 1.13387
2545.034245722045 2.27205 1.11097
2545.424544447547 1.25697 1.05367
2545.814843173047 1.61472 1.0706
2546.205141898548 2.1887 1.11133
2546.595440624048 1.22834 1.04008
2546.985739349549 1.95741 1.09637
2547.37603807505 2.19202 1.1184
2547.766336800551 3.05138 1.17144
2548.156635526052 4.12715 1.25483
2548.546934251553 3.99996 1.21983
2548.937232977054 4.55396 1.24535
2549.327531702554 2.86268 1.15254
2549.717830428055 2.45185 1.13725
2550.108129153556 1.07534 1.03521
2550.498427879057 2.88119 1.16177
2550.888726604557 3.36738 1.17869
2551.279025330058 1.94932 1.09133
2551.669324055559 1.6662 1.0672
2552.059622781059 0.955408 1.01652
2552.449921506561 0.760289 1.00922
2552.840220232061 2.51958 1.12804
2553.230518957562 3.54246 1.21575
2553.620817683063 2.15398 1.10694
2554.011116408564 1.4525 1.0581
2554.401415134064 2.41584 1.12962
2554.791713859566 2.02956 1.09377
2555.182012585066 1.8873 1.10093
2555.572311310567 3.32829 1.18731
2555.962610036068 3.01585 1.16327
2556.352908761569 1.31356 1.0503
2556.743207487069 2.88193 1.15307
2557.13350621257 4.49899 1.25093
2557.523804938071 3.81431 1.21669
2557.914103663571 1.95671 1.08959
2558.304402389072 2.50378 1.13347
2558.694701114573 3.38704 1.19231
2559.084999840074 3.55398 1.19987
2559.475298565576 2.7338 1.15383
2559.865597291076 2.88151 1.16255
2560.255896016577 2.38297 1.12926
2560.646194742077 3.11814 1.17507
2561.036493467578 3.71651 1.20934
2561.426792193079 3.01553 1.17754
2561.81709091858 1.73846 1.08976
2562.207389644081 1.67675 1.08157
2562.597688369581 3.45065 1.19747
2562.987987095082 3.12926 1.15611
2563.378285820582 1.17539 1.04495
2563.768584546084 2.0523 1.11475
2564.158883271585 1.94112 1.11984
2564.549181997085 1.86698 1.10876
2564.939480722586 2.64419 1.15467
2565.329779448087 2.16986 1.11714
2565.720078173587 3.25452 1.19495
2566.110376899088 2.8988 1.17087
2566.50067562459 3.50799 1.20314
2566.89097435009 4.23142 1.25024
2567.281273075591 3.34904 1.19429
2567.671571801092 2.43686 1.1322
2568.061870526592 2.47787 1.14081
2568.452169252093 3.07427 1.18511
2568.842467977593 2.78455 1.14837
2569.232766703095 1.56543 1.09375
2569.623065428596 1.30212 1.08243
2570.013364154097 3.07321 1.16867
2570.403662879597 2.49104 1.14541
2570.793961605098 3.27224 1.19495
2571.184260330598 1.61003 1.07499
2571.574559056099 2.74569 1.15197
2571.9648577816 3.8635 1.23937
2572.355156507101 1.5834 1.07551
2572.745455232602 0.594273 1.01045
2573.135753958103 3.09199 1.18152
2573.526052683604 4.21694 1.25118
2573.916351409104 3.97391 1.24048
2574.306650134605 2.0532 1.12063
2574.696948860106 2.82192 1.18502
2575.087247585607 3.21722 1.19891
2575.477546311107 2.26241 1.13149
2575.867845036609 3.37573 1.18837
2576.25814376211 3.0918 1.18081
2576.64844248761 3.24586 1.18903
2577.038741213111 1.79816 1.09419
2577.429039938611 2.37705 1.14581
2577.819338664112 3.07385 1.17868
2578.209637389613 3.25883 1.19525
2578.599936115114 3.51887 1.21213
2578.990234840615 3.6566 1.2215
2579.380533566115 3.03704 1.18723
2579.770832291616 3.38115 1.2033
2580.161131017117 2.69832 1.15651
2580.551429742618 0.729334 1.02078
2580.941728468118 2.58343 1.1496
2581.33202719362 3.58268 1.21434
2581.72232591912 2.03367 1.12093
2582.112624644621 2.20331 1.13772
2582.502923370122 4.01457 1.25392
2582.893222095622 2.80783 1.18735
2583.283520821124 4.0173 1.26044
2583.673819546624 2.93063 1.17976
2584.064118272125 3.36334 1.20277
2584.454416997626 3.33297 1.198
2584.844715723126 1.76907 1.11094
2585.235014448627 2.24917 1.14108
2585.625313174128 1.79217 1.12036
2586.015611899629 2.09172 1.13232
2586.40591062513 2.59974 1.15413
2586.79620935063 2.47081 1.15814
2587.186508076131 1.69888 1.11356
2587.576806801632 2.66698 1.16022
2587.967105527133 1.79503 1.09057
2588.357404252634 1.80031 1.11791
2588.747702978135 1.43864 1.08121
2589.138001703635 0.525098 1.01994
2589.528300429136 1.28607 1.07481
2589.918599154637 3.12678 1.18761
2590.308897880138 2.58067 1.15654
2590.699196605639 2.64186 1.17892
2591.089495331139 3.08123 1.19993
2591.47979405664 2.96264 1.18543
2591.870092782141 2.03219 1.12644
2592.260391507641 1.9108 1.12398
2592.650690233143 1.99899 1.1276
2593.040988958643 3.00657 1.19271
2593.431287684144 0.975567 1.06414
2593.821586409645 1.02558 1.06183
2594.211885135146 1.81071 1.11193
2594.602183860647 1.57735 1.09849
2594.992482586148 2.56441 1.15502
2595.382781311648 4.03645 1.24288
2595.773080037149 3.90477 1.25366
2596.16337876265 3.60938 1.23697
2596.55367748815 3.39383 1.21364
2596.943976213651 3.72877 1.23964
2597.334274939152 2.84522 1.17339
2597.724573664653 3.63684 1.21677
2598.114872390154 2.53219 1.15596
2598.505171115654 1.19387 1.07541
2598.895469841155 1.30354 1.07295
2599.285768566656 0.471392 1.01469
2599.676067292157 0.322471 1.01427
2600.066366017658 0.64152 1.02084
2600.456664743159 2.26363 1.13792
2600.846963468659 2.9466 1.17748
2601.23726219416 1.57614 1.08531
2601.627560919661 1.38242 1.07511
2602.017859645162 2.08148 1.11529
2602.408158370663 2.64748 1.16629
2602.798457096163 3.97196 1.24194
2603.188755821664 3.61682 1.22588
2603.579054547164 3.03972 1.19571
2603.969353272665 3.30356 1.20608
2604.359651998167 3.57171 1.2168
2604.749950723667 3.06566 1.18193
2605.140249449168 2.86059 1.17475
2605.530548174669 3.40958 1.20138
2605.92084690017 3.02137 1.18141
2606.31114562567 3.96874 1.24453
2606.701444351171 2.40268 1.13952
2607.091743076672 2.55789 1.1548
2607.482041802173 2.72909 1.16639
2607.872340527673 2.61714 1.15738
2608.262639253174 3.9176 1.24967
2608.652937978676 3.76921 1.24372
2609.043236704176 3.22444 1.19854
2609.433535429677 4.68822 1.29365
2609.823834155177 3.07971 1.18829
2610.214132880678 2.77058 1.17084
2610.604431606179 3.68297 1.22844
2610.994730331681 2.93263 1.17986
2611.385029057181 1.24283 1.07333
2611.775327782682 2.49997 1.15202
2612.165626508182 2.62799 1.17546
2612.555925233683 2.15876 1.13878
2612.946223959184 3.64109 1.21383
2613.336522684684 3.06835 1.19554
2613.726821410186 3.07437 1.19899
2614.117120135686 2.44594 1.15484
2614.507418861187 2.35616 1.15716
2614.897717586688 2.09828 1.14303
2615.288016312188 1.46378 1.09057
2615.678315037689 1.45739 1.09709
2616.06861376319 2.57063 1.16625
2616.458912488692 3.73796 1.23057
2616.849211214192 3.34705 1.22054
2617.239509939693 3.02242 1.20412
2617.629808665193 2.62624 1.17223
2618.020107390694 1.55702 1.10179
2618.410406116195 2.0624 1.13729
2618.800704841696 2.94944 1.19212
2619.191003567197 0.944739 1.05429
2619.581302292697 0.494481 1.0334
2619.971601018198 1.70371 1.11432
2620.361899743699 2.58528 1.16806
2620.7521984692 3.31157 1.21781
2621.142497194701 3.13985 1.21349
2621.532795920201 3.45203 1.21792
2621.923094645703 3.98487 1.24853
2622.313393371203 2.51111 1.16683
2622.703692096704 2.91888 1.20095
2623.093990822205 3.29229 1.22334
2623.484289547705 2.4545 1.15014
2623.874588273206 2.13593 1.13467
2624.264886998707 2.39699 1.15776
2624.655185724207 3.20443 1.22271
2625.045484449708 4.30926 1.29272
2625.43578317521 2.48101 1.16961
2625.82608190071 1.90332 1.12452
2626.216380626211 1.59465 1.10508
2626.606679351712 1.50748 1.10274
2626.996978077212 1.97402 1.12425
2627.387276802714 2.73922 1.18366
2627.777575528215 2.42009 1.16351
2628.167874253715 3.42443 1.22944
2628.558172979216 4.06065 1.25829
2628.948471704716 2.29683 1.14362
2629.338770430217 0.856603 1.05328
2629.729069155718 1.69782 1.11658
2630.119367881219 2.30823 1.16283
2630.50966660672 3.69034 1.2435
2630.89996533222 4.07812 1.2675
2631.290264057721 3.55261 1.23471
2631.680562783222 1.96716 1.1365
2632.070861508723 1.59878 1.10976
2632.461160234224 2.88445 1.20047
2632.851458959725 1.37568 1.10329
2633.241757685226 0.340694 1.02351
2633.632056410726 2.8506 1.19227
2634.022355136227 3.44936 1.23052
2634.412653861727 3.49785 1.2303
2634.802952587229 3.12931 1.21749
2635.193251312729 2.9186 1.20623
2635.58355003823 1.53955 1.11618
2635.973848763731 1.12969 1.09155
2636.364147489231 1.28979 1.09493
2636.754446214733 2.48075 1.16793
2637.144744940233 1.65289 1.1232
2637.535043665734 0.751288 1.05712
2637.925342391235 2.133 1.14358
2638.315641116736 2.00057 1.14938
2638.705939842236 2.2627 1.16624
2639.096238567737 1.56994 1.12387
2639.486537293238 2.57621 1.19027
2639.876836018739 2.0372 1.14647
2640.26713474424 3.52884 1.23777
2640.65743346974 3.16806 1.23336
2641.047732195241 3.75648 1.27348
2641.438030920741 3.02438 1.21054
2641.828329646243 1.69358 1.1215
2642.218628371744 2.63898 1.19892
2642.608927097244 1.85825 1.13312
2642.999225822745 1.97735 1.14402
2643.389524548246 2.0839 1.16515
2643.779823273748 2.78803 1.21612
2644.170121999248 2.74985 1.21347
2644.560420724748 2.59815 1.19708
2644.950719450249 2.69374 1.19451
2645.34101817575 3.23868 1.22419
2645.73131690125 2.81665 1.206
2646.121615626752 2.93423 1.21475
2646.511914352253 3.82294 1.26326
2646.902213077753 3.29591 1.2341
2647.292511803254 3.17498 1.22752
2647.682810528754 2.01438 1.15731
2648.073109254255 2.28626 1.17964
2648.463407979756 4.74551 1.31495
2648.853706705258 3.22762 1.23053
2649.244005430759 3.20881 1.24499
2649.634304156259 2.31534 1.18136
2650.024602881759 3.05018 1.2252
2650.41490160726 3.71334 1.27056
2650.805200332761 2.62329 1.19059
2651.195499058262 1.67122 1.13945
2651.585797783763 1.3528 1.11256
2651.976096509263 3.01294 1.20939
2652.366395234764 2.67915 1.1993
2652.756693960265 1.54105 1.11997
2653.146992685766 0.436164 1.05505
2653.537291411267 1.24473 1.11631
2653.927590136767 1.83191 1.15159
2654.317888862269 1.45665 1.13181
2654.708187587769 1.58402 1.1339
2655.09848631327 3.05876 1.22524
2655.488785038771 3.40446 1.24371
2655.879083764272 4.33099 1.30433
2656.269382489772 2.63992 1.20026
2656.659681215273 2.65857 1.20221
2657.049979940774 3.61339 1.26542
2657.440278666274 3.39639 1.25943
2657.830577391775 3.13267 1.24029
2658.220876117276 2.3804 1.19266
2658.611174842777 2.388 1.18919
2659.001473568278 1.4545 1.12918
2659.391772293778 1.82656 1.16417
2659.782071019279 2.53788 1.21014
2660.17236974478 1.02595 1.10607
2660.562668470281 2.38257 1.19574
2660.952967195782 2.17369 1.18291
2661.343265921283 1.35595 1.12943
2661.733564646783 2.83763 1.21849
2662.123863372284 2.85752 1.22758
2662.514162097785 2.62217 1.2177
2662.904460823286 2.40492 1.1904
2663.294759548787 3.70714 1.28124
2663.685058274287 3.32286 1.25384
2664.075356999788 3.3785 1.2573
2664.465655725289 1.58996 1.15419
2664.85595445079 1.6463 1.14879
2665.246253176291 2.00686 1.16894
2665.636551901792 2.12667 1.19826
2666.026850627292 2.19058 1.20046
2666.417149352793 1.88375 1.16602
2666.807448078293 2.69207 1.21671
2667.197746803794 2.82029 1.22428
2667.588045529296 2.02772 1.17216
2667.978344254796 1.89943 1.17477
2668.368642980297 1.93224 1.17872
2668.758941705797 1.70879 1.16028
2669.149240431299 2.21232 1.19564
2669.539539156799 2.34225 1.2022
2669.9298378823 2.16474 1.19185
2670.320136607801 1.79785 1.17421
2670.710435333302 1.53608 1.16107
2671.100734058803 0.901487 1.11655
2671.491032784303 3.28574 1.25793
2671.881331509805 3.56243 1.27569
2672.271630235305 3.01525 1.24977
2672.661928960806 2.61906 1.22457
2673.052227686307 3.10935 1.2619
2673.442526411807 1.78267 1.15827
2673.832825137308 2.07944 1.17814
2674.223123862808 3.69247 1.29403
2674.61342258831 3.05709 1.25319
2675.00372131381 2.43403 1.20213
2675.394020039311 2.5384 1.23712
2675.784318764812 2.33349 1.21583
2676.174617490313 3.3307 1.2654
2676.564916215813 4.04947 1.31007
2676.955214941314 3.64421 1.27939
2677.345513666816 2.14092 1.18722
2677.735812392316 1.25002 1.12263
2678.126111117817 1.06894 1.11994
2678.516409843318 2.3162 1.20086
2678.906708568818 2.89086 1.23818
2679.297007294319 3.05745 1.25333
2679.68730601982 3.70634 1.28733
2680.07760474532 1.84741 1.18333
2680.467903470821 1.22474 1.14213
2680.858202196322 0.339484 1.0791
2681.248500921823 0.308498 1.06842
2681.638799647325 0.935926 1.11592
2682.029098372825 1.06677 1.13281
2682.419397098325 1.37509 1.15606
2682.809695823826 3.15326 1.26936
2683.199994549327 2.26507 1.21464
2683.590293274828 1.72451 1.17947
2683.980592000329 1.44116 1.15532
2684.37089072583 1.16319 1.14171
2684.76118945133 2.03504 1.19964
2685.151488176831 1.37847 1.15613
2685.541786902332 1.66 1.17968
2685.932085627832 2.66977 1.2521
2686.322384353333 0.688977 1.09441
2686.712683078835 0.0241579 1.05144
2687.102981804335 0.685164 1.11422
2687.493280529836 1.88263 1.1807
2687.883579255337 1.53767 1.15079
2688.273877980837 3.12155 1.26933
2688.664176706339 3.43712 1.28687
2689.054475431839 2.53296 1.22672
2689.44477415734 1.88752 1.19227
2689.835072882841 1.00615 1.1201
2690.225371608341 1.60006 1.16445
2690.615670333842 3.84647 1.31319
2691.005969059343 4.30124 1.35173
2691.396267784844 2.39774 1.21834
2691.786566510344 1.72473 1.17406
2692.176865235846 3.01187 1.26135
2692.567163961346 3.54999 1.29317
2692.957462686847 3.75746 1.30738
2693.347761412348 3.3011 1.28565
2693.738060137849 2.97437 1.25482
2694.12835886335 3.25558 1.28667
2694.51865758885 3.335 1.2907
2694.908956314351 2.44294 1.22815
2695.299255039852 2.69297 1.25676
2695.689553765353 2.88336 1.26445
2696.079852490853 3.78917 1.31058
2696.470151216354 2.25355 1.21522
2696.860449941855 3.13711 1.2861
2697.250748667356 2.85222 1.25703
2697.641047392856 1.22105 1.14695
2698.031346118358 3.84743 1.32149
2698.421644843858 4.57427 1.36692
2698.811943569359 2.66605 1.24894
2699.20224229486 2.6982 1.26301
2699.59254102036 3.58153 1.31856
2699.982839745861 3.60323 1.31186
2700.373138471363 2.2125 1.22697
2700.763437196863 1.37206 1.1686
2701.153735922364 2.44936 1.24302
2701.544034647865 3.6159 1.30448
2701.934333373365 3.45117 1.29933
2702.324632098866 3.40175 1.31011
2702.714930824367 1.74557 1.18971
2703.105229549868 2.30737 1.24202
2703.495528275369 2.73038 1.26324
2703.885827000869 2.80019 1.261
2704.27612572637 1.40553 1.16313
2704.66642445187 0.608119 1.12299
2705.056723177372 1.27363 1.15972
2705.447021902873 2.70814 1.2512
2705.837320628374 2.37788 1.23582
2706.227619353874 2.7388 1.25209
2706.617918079375 2.59269 1.25835
2707.008216804876 2.24875 1.23076
2707.398515530376 1.65432 1.20044
2707.788814255877 0.834253 1.12133
2708.179112981378 2.36107 1.22749
2708.569411706879 2.5378 1.24545
2708.95971043238 2.81275 1.26676
2709.35000915788 2.78006 1.26309
2709.740307883382 1.50328 1.18151
2710.130606608882 2.11433 1.23042
2710.520905334383 2.7052 1.27359
2710.911204059884 3.0078 1.29825
2711.301502785385 3.55243 1.33153
2711.691801510885 2.73753 1.27128
2712.082100236386 1.99876 1.23129
2712.472398961887 1.98996 1.23346
2712.862697687387 2.49324 1.25098
2713.252996412888 3.13151 1.31573
2713.643295138389 3.34047 1.32748
2714.03359386389 2.19753 1.251
2714.42389258939 0.828297 1.16043
2714.814191314891 2.26614 1.25159
2715.204490040393 2.70659 1.2672
2715.594788765893 3.47751 1.33074
2715.985087491394 3.16955 1.31244
2716.375386216895 2.97921 1.28626
2716.765684942396 2.90434 1.28837
2717.155983667896 2.89618 1.28731
2717.546282393397 4.24355 1.37698
2717.936581118898 3.60524 1.33747
2718.326879844398 1.63095 1.21096
2718.717178569899 1.60611 1.21253
2719.107477295401 0.505214 1.12182
2719.497776020902 -0.379766 1.06583
2719.888074746402 0.100538 1.0956
2720.278373471903 1.23073 1.1711
2720.668672197403 1.71884 1.21576
2721.058970922904 1.28936 1.19343
2721.449269648405 1.39423 1.19471
2721.839568373906 3.30745 1.32954
2722.229867099407 3.81346 1.35828
2722.620165824908 3.65865 1.33348
2723.010464550408 2.85952 1.29293
2723.400763275909 3.41393 1.33099
2723.791062001409 5.31528 1.44398
2724.181360726911 1.78242 1.21608
2724.571659452412 0.624572 1.14859
2724.961958177912 -0.188838 1.08193
2725.352256903413 -0.12019 1.09136
2725.742555628914 2.37898 1.26834
2726.132854354414 2.01035 1.25264
2726.523153079916 0.5415 1.1404
2726.913451805416 2.09627 1.23976
2727.303750530917 2.15991 1.26301
2727.694049256418 1.20472 1.19629
2728.084347981919 3.02055 1.30576
2728.47464670742 1.92392 1.25627
2728.86494543292 1.57903 1.2457
2729.255244158421 2.4795 1.29105
2729.645542883922 1.71987 1.23122
2730.035841609423 1.8336 1.23755
2730.426140334923 0.696689 1.156
2730.816439060424 0.268342 1.13277
2731.206737785925 0.793319 1.17841
2731.597036511426 1.92044 1.25521
2731.987335236926 2.91688 1.31966
2732.377633962427 2.79209 1.31119
2732.767932687928 1.48049 1.21957
2733.158231413429 1.33899 1.21464
2733.54853013893 2.37465 1.29013
2733.938828864431 1.09087 1.19675
2734.329127589931 2.58288 1.29405
2734.719426315432 3.94052 1.39213
2735.109725040933 1.83034 1.25842
2735.500023766433 1.9645 1.26026
2735.890322491935 3.77767 1.3719
2736.280621217436 2.84631 1.30781
2736.670919942936 4.30835 1.39702
2737.061218668437 2.91472 1.32645
2737.451517393937 1.36024 1.21905
2737.841816119438 3.6874 1.34554
2738.23211484494 2.87559 1.30592
2738.622413570441 1.86803 1.24683
2739.012712295941 3.67307 1.37288
2739.403011021442 4.44652 1.42596
2739.793309746942 6.05848 1.51266
2740.183608472443 4.55035 1.41734
2740.573907197944 3.7356 1.38006
2740.964205923445 3.12022 1.35132
2741.354504648946 2.86663 1.322
2741.744803374446 4.74323 1.43519
2742.135102099947 4.07439 1.40664
2742.525400825447 3.50045 1.36957
2742.915699550949 2.87583 1.32696
2743.30599827645 3.60446 1.3839
2743.696297001951 3.63719 1.37337
2744.086595727452 3.78599 1.40491
2744.476894452952 3.07264 1.34788
2744.867193178453 2.23279 1.29632
2745.257491903954 2.06747 1.28676
2745.647790629454 1.94025 1.27911
2746.038089354955 4.32653 1.43091
2746.428388080456 3.87092 1.40327
2746.818686805956 3.81641 1.38885
2747.208985531457 2.6037 1.31729
2747.599284256959 3.11715 1.35068
2747.989582982459 2.04365 1.27608
2748.37988170796 2.94345 1.33507
2748.770180433461 2.40658 1.29849
2749.160479158962 2.92297 1.33303
2749.550777884462 2.95168 1.34755
2749.941076609963 3.98495 1.41528
2750.331375335464 2.92374 1.34374
2750.721674060965 4.40437 1.43359
2751.111972786465 4.16172 1.41799
2751.502271511966 4.56443 1.44146
2751.892570237468 3.34307 1.36651
2752.282868962968 3.36366 1.38046
2752.673167688469 3.44379 1.38043
2753.063466413969 3.55772 1.38663
2753.45376513947 3.74732 1.39592
2753.844063864971 2.56369 1.33177
2754.234362590472 2.65902 1.33383
2754.624661315973 1.95796 1.2729
2755.014960041474 1.92388 1.28464
2755.405258766974 3.79863 1.40748
2755.795557492475 3.12435 1.35601
2756.185856217976 3.34928 1.38343
2756.576154943476 2.71424 1.34619
2756.966453668978 2.804 1.34205
2757.356752394479 2.65071 1.33809
2757.747051119979 2.66995 1.34607
2758.13734984548 1.90889 1.29376
2758.52764857098 2.89143 1.37027
2758.917947296481 2.5195 1.34255
2759.308246021982 2.62287 1.34079
2759.698544747483 3.72256 1.42412
2760.088843472984 4.71507 1.47764
2760.479142198485 4.0285 1.44445
2760.869440923985 2.92686 1.37131
2761.259739649487 5.81826 1.53545
2761.650038374987 3.83892 1.41174
2762.040337100488 4.78785 1.48015
2762.430635825989 6.18016 1.55677
2762.820934551489 5.60959 1.51467
2763.21123327699 4.25971 1.44968
2763.601532002491 2.76257 1.34503
2763.991830727992 2.84246 1.35706
2764.382129453493 3.61456 1.41387
2764.772428178993 3.91299 1.4376
2765.162726904494 3.04953 1.37737
2765.553025629995 4.95321 1.50992
2765.943324355496 4.9858 1.50545
2766.333623080997 5.6616 1.53791
2766.723921806498 5.01228 1.50163
2767.114220531998 3.76794 1.41638
2767.504519257499 4.1386 1.45132
2767.894817983 4.75423 1.48854
2768.2851167085 5.41138 1.5283
2768.675415434002 6.35423 1.57768
2769.065714159502 5.58969 1.54033
2769.456012885003 3.79708 1.42543
2769.846311610503 6.18349 1.56253
2770.236610336004 2.84712 1.35729
2770.626909061505 3.15552 1.40498
2771.017207787007 6.11225 1.57946
2771.407506512507 5.5132 1.54712
2771.797805238008 5.19306 1.53723
2772.188103963509 6.33923 1.59641
2772.578402689009 5.55427 1.54738
2772.96870141451 4.83897 1.51239
2773.359000140011 5.32201 1.53247
2773.749298865512 5.64114 1.55171
2774.139597591013 5.1362 1.52999
2774.529896316513 5.26055 1.53587
2774.920195042014 5.75489 1.56209
2775.310493767514 5.14204 1.53402
2775.700792493016 4.1249 1.44853
2776.091091218517 5.64898 1.55364
2776.481389944018 5.33663 1.53778
2776.871688669518 7.78533 1.66012
2777.261987395019 6.83864 1.6263
2777.652286120519 4.38892 1.47967
2778.042584846021 5.47942 1.5503
2778.432883571521 5.29919 1.54472
2778.823182297022 4.25998 1.48178
2779.213481022523 7.03729 1.63145
2779.603779748023 6.21383 1.58942
2779.994078473525 5.81201 1.57544
2780.384377199025 5.06092 1.52528
2780.774675924526 8.60161 1.71135
2781.164974650027 7.26399 1.63921
2781.555273375528 7.85465 1.69583
2781.945572101029 8.94848 1.76198
2782.335870826529 7.64241 1.67529
2782.726169552031 8.57986 1.7305
2783.116468277531 6.05913 1.58369
2783.506767003032 6.53795 1.61467
2783.897065728532 8.25238 1.70756
2784.287364454033 6.64485 1.62621
2784.677663179534 4.56014 1.5011
2785.067961905035 7.43652 1.67296
2785.458260630536 6.85157 1.64255
2785.848559356036 6.21479 1.60295
2786.238858081537 5.59682 1.57794
2786.629156807038 6.53834 1.61925
2787.019455532539 7.54935 1.68843
2787.40975425804 7.18181 1.64864
2787.80005298354 8.72942 1.7199
2788.190351709042 10.2432 1.8321
2788.580650434542 7.71254 1.69149
2788.970949160043 8.27073 1.73263
2789.361247885543 7.30329 1.68119
2789.751546611045 9.96968 1.80637
2790.141845336545 10.3505 1.8213
2790.532144062046 7.24885 1.66777
2790.922442787546 9.09971 1.76503
2791.312741513047 10.5641 1.82452
2791.703040238548 11.629 1.8902
2792.093338964049 10.6389 1.85357
2792.48363768955 8.31761 1.70446
2792.873936415051 7.71249 1.68966
2793.264235140551 9.05048 1.76341
2793.654533866052 10.1966 1.81181
2794.044832591554 5.7237 1.58292
2794.435131317054 8.08182 1.71571
2794.825430042555 8.72196 1.73804
2795.215728768056 7.15095 1.65864
2795.606027493556 5.93713 1.596
2795.996326219057 4.89801 1.53515
2796.386624944558 6.18403 1.6053
2796.776923670059 5.70155 1.57985
2797.167222395559 8.9094 1.76465
2797.55752112106 10.1936 1.82407
2797.947819846561 11.055 1.87748
2798.338118572062 10.4643 1.82931
2798.728417297563 9.24784 1.77825
2799.118716023064 10.1877 1.83563
2799.509014748565 11.9276 1.93597
2799.899313474065 12.0184 1.92694
2800.289612199566 10.6017 1.8817
2800.679910925067 13.6676 2.01033
2801.070209650567 11.8338 1.91061
2801.460508376068 9.57761 1.80482
2801.850807101569 11.8521 1.9059
2802.24110582707 11.4892 1.90363
2802.63140455257 7.84118 1.71882
2803.021703278072 6.21963 1.64413
2803.412002003572 7.79743 1.72005
2803.802300729073 9.78557 1.82584
2804.192599454574 9.4294 1.80771
2804.582898180075 11.4481 1.90149
2804.973196905575 10.5861 1.87932
2805.363495631076 11.5671 1.92297
2805.753794356577 15.152 2.09164
2806.144093082078 15.2317 2.09001
2806.534391807579 14.049 2.04637
2806.924690533079 14.8819 2.07078
2807.31498925858 13.0047 1.9869
2807.70528798408 10.64 1.86133
2808.095586709581 14.893 2.07317
2808.485885435083 14.1089 2.0587
2808.876184160584 12.0845 1.93904
2809.266482886084 14.0538 2.04287
2809.656781611585 12.7527 1.9911
2810.047080337086 10.1771 1.86089
2810.437379062586 8.70364 1.79193
2810.827677788087 9.76831 1.85286
2811.217976513588 9.88564 1.83776
2811.608275239089 14.5606 2.07705
2811.998573964589 12.0987 1.97261
2812.388872690091 14.5565 2.07646
2812.779171415591 11.7514 1.91862
2813.169470141091 10.3163 1.86799
2813.559768866593 11.0856 1.90083
2813.950067592094 10.8867 1.88988
2814.340366317595 9.89627 1.83825
2814.730665043095 9.76381 1.82832
2815.120963768596 11.0673 1.87151
2815.511262494097 9.25489 1.7898
2815.901561219598 10.832 1.87213
2816.291859945098 11.518 1.88522
2816.682158670599 9.88828 1.79616
2817.0724573961 10.5045 1.83214
2817.462756121601 8.82153 1.73118
2817.853054847102 7.85386 1.68301
2818.243353572602 9.57143 1.77875
2818.633652298103 6.3807 1.58367
2819.023951023604 9.33028 1.75259
2819.414249749105 9.07317 1.72467
2819.804548474605 7.14355 1.61181
2820.194847200106 8.60014 1.69354
2820.585145925608 10.8505 1.82827
2820.975444651108 9.38739 1.75097
2821.365743376609 6.47306 1.67975
2821.75604210211 5.64777 1.54231
2822.14634082761 6.90658 2.02162
2822.536639553111 8.63167 2.55383
2822.926938278612 8.93324 2.54219
2823.317237004113 7.08507 2.42691
2823.707535729613 6.75632 2.39935
2824.097834455114 6.86319 2.41357
2824.488133180615 4.79061 2.24472
2824.878431906116 9.94132 2.64637
2825.268730631617 9.17713 2.59495
2825.659029357117 5.33258 2.25539
2826.049328082618 3.57258 2.12499
2826.439626808119 3.61546 2.11586
2826.829925533619 6.38217 2.36282
2827.220224259121 5.91143 2.34341
2827.610522984622 5.54505 2.31745
2828.000821710122 5.27367 2.30852
2828.391120435623 6.32141 2.37486
2828.781419161124 5.94264 2.30705
2829.171717886624 6.77635 2.41781
2829.562016612125 2.14805 2.01947
2829.952315337626 4.91418 2.29131
2830.342614063127 6.55424 2.4014
2830.732912788628 7.07 2.44953
2831.123211514129 4.31072 2.22473
2831.513510239629 9.20804 2.62425
2831.903808965131 5.14944 2.31438
2832.294107690631 4.25219 2.23829
2832.684406416132 7.55301 2.48639
2833.074705141633 6.56414 2.41226
2833.465003867134 4.31683 2.20243
2833.855302592634 7.94809 2.47369
2834.245601318135 6.73596 2.36926
2834.635900043636 4.43808 2.19204
2835.026198769136 8.6202 2.54476
2835.416497494638 8.291 2.50449
2835.806796220138 2.34446 1.94356
2836.197094945639 6.28677 2.26283
2836.58739367114 8.90255 2.50056
2836.977692396641 7.50389 2.40566
2837.367991122142 4.57551 2.10171
2837.758289847642 8.55078 2.42869
2838.148588573143 8.19841 2.39669
2838.538887298644 8.22306 2.38344
2838.929186024145 5.94983 2.18654
2839.319484749646 6.17338 2.21764
2839.709783475146 7.12064 2.26831
2840.100082200647 7.06901 2.23043
2840.490380926147 7.12128 2.22338
2840.880679651648 7.24929 2.21782
2841.27097837715 5.51311 2.03128
2841.66127710265 10.7383 2.47856
2842.051575828151 7.76895 2.25348
2842.441874553652 6.91393 2.35557
2842.832173279152 8.80471 2.44889
2843.222472004653 9.23846 2.46066
2843.612770730154 0 0
2844.003069455655 0 0
2844.393368181156 0 0
2844.783666906657 0 0
2845.173965632157 0 0
2845.564264357658 0 0
2845.954563083158 0 0
2846.34486180866 0 0
2846.735160534161 0 0
2847.125459259662 0 0
2847.515757985162 0 0
2847.906056710663 0 0
2848.296355436163 0 0
2848.686654161664 0 0
2849.076952887165 0 0
2849.467251612666 0 0
2849.857550338167 0 0
2850.247849063668 0 0
2850.638147789169 0 0
2851.028446514669 0 0
2851.41874524017 0 0
2851.809043965671 0 0
2852.199342691172 0 0
2852.589641416672 0 0
2852.979940142174 0 0
2853.370238867674 0 0
2853.760537593175 0 0
2854.150836318676 0 0
2854.541135044176 0 0
2854.931433769677 0 0
2855.321732495178 0 0
2855.712031220679 0 0
2856.10232994618 0 0
2856.49262867168 0 0
2856.882927397181 0 0
2857.273226122682 0 0
2857.663524848182 0 0
2858.053823573683 0 0
2858.444122299185 0 0
2858.834421024685 0 0
2859.224719750186 0 0
2859.615018475687 0 0
2860.005317201188 0 0
2860.395615926688 0 0
2860.785914652189 0 0
2861.17621337769 0 0
2861.566512103191 0 0
2861.956810828691 0 0
2862.347109554192 0 0
2862.737408279693 0 0
2863.127707005194 0 0
2863.518005730695 0 0
2863.908304456195 0 0
2864.298603181696 0 0
2864.688901907196 0 0
2865.079200632698 0 0
2865.469499358199 0 0
2865.8597980837 0 0
2866.2500968092 0 0
2866.640395534701 0 0
2867.030694260202 0 0
2867.420992985702 0 0
2867.811291711204 0 0
2868.201590436704 0 0
2868.591889162205 0 0
2868.982187887706 0 0
2869.372486613206 0 0
2869.762785338708 0 0
2870.153084064208 0 0
2870.543382789709 0 0
2870.93368151521 0 0
2871.323980240711 0 0
2871.714278966212 0 0
2872.104577691713 0 0
2872.494876417213 0 0
2872.885175142714 0 0
2873.275473868215 0 0
2873.665772593715 0 0
2874.056071319216 0 0
2874.446370044717 0 0
2874.836668770218 0 0
2875.226967495719 0 0
2875.617266221219 0 0
2876.00756494672 0 0
2876.397863672221 0 0
2876.788162397722 0 0
2877.178461123223 0 0
2877.568759848724 0 0
2877.959058574224 0 0
2878.349357299725 0 0
2878.739656025225 0 0
2879.129954750727 0 0
2879.520253476228 0 0
2879.910552201728 0 0
2880.300850927229 0 0
2880.691149652729 0 0
2881.08144837823 0 0
2881.471747103731 0 0
2881.862045829232 0 0
2882.252344554733 0 0
2882.642643280234 0 0
2883.032942005735 0 0
2883.423240731235 0 0
2883.813539456736 0 0
2884.203838182237 0 0
2884.594136907738 0 0
2884.984435633238 0 0
2885.374734358739 0 0
2885.765033084239 0 0
2886.155331809741 0 0
2886.545630535242 0 0
2886.935929260742 0 0
2887.326227986243 0 0
2887.716526711744 0 0
2888.106825437246 0 0
2888.497124162746 0 0
2888.887422888247 0 0
2889.277721613747 0 0
2889.668020339248 0 0
2890.058319064749 0 0
2890.448617790249 0 0
2890.838916515751 0 0
2891.229215241251 0 0
2891.619513966752 0 0
2892.009812692253 0 0
2892.400111417753 0 0
2892.790410143254 0 0
2893.180708868755 0 0
2893.571007594257 0 0
2893.961306319757 0 0
2894.351605045258 0 0
2894.741903770758 0 0
2895.132202496259 0 0
2895.52250122176 0 0
2895.912799947261 0 0
2896.303098672762 0 0
2896.693397398262 0 0
2897.083696123763 0 0
2897.473994849264 0 0
2897.864293574765 0 0
2898.254592300266 0 0
2898.644891025766 0 0
2899.035189751267 0 0
2899.425488476768 0 0
2899.815787202268 0 0
2900.20608592777 0 0
2900.59638465327 0 0
2900.986683378771 0 0
2901.376982104272 0 0
2901.767280829772 0 0
2902.157579555273 0 0
2902.547878280773 0 0
2902.938177006275 0 0
