1.10
lambda flux err
2405.795 0 0
2406.185 0 0
2406.575 0 0
2406.966 0 0
2407.356 0 0
2407.746 0 0
2408.136 0 0
2408.527 0 0
2408.917 0 0
2409.307 0 0
2409.697 0 0
2410.088 0 0
2410.478 0 0
2410.868 0 0
2411.258 0 0
2411.649 0 0
2412.039 0 0
2412.429 0 0
2412.819 0 0
2413.21 0 0
2413.6 0 0
2413.99 0 0
2414.38 0 0
2414.771 0 0
2415.161 0 0
2415.551 0 0
2415.941 0 0
2416.332 0 0
2416.722 0 0
2417.112 0 0
2417.503 0 0
2417.893 0 0
2418.283 0 0
2418.673 0 0
2419.064 0 0
2419.454 0 0
2419.844 0 0
2420.234 0 0
2420.625 0 0
2421.015 0 0
2421.405 0 0
2421.795 0 0
2422.186 0 0
2422.576 0 0
2422.966 0 0
2423.356 5.95213 1.42856
2423.747 1.78611 1.10213
2424.137 4.29464 1.50306
2424.527 4.321 1.52264
2424.917 6.69673 1.72554
2425.308 0.119067 1.03506
2425.698 3.9715 1.37378
2426.088 4.16864 1.49673
2426.479 4.1882 1.48091
2426.869 3.83201 1.07417
2427.259 6.08609 1.1605
2427.649 4.35994 1.09289
2428.04 5.67283 1.17582
2428.43 5.11073 1.14524
2428.82 4.79096 1.13332
2429.21 5.12476 1.15941
2429.601 4.7932 1.13657
2429.991 4.82549 1.1551
2430.381 4.09478 1.12518
2430.771 5.36736 1.19476
2431.162 4.90071 1.17461
2431.552 3.78608 1.13326
2431.942 4.31568 1.17041
2432.333 3.28613 1.12758
2432.723 3.27501 1.12455
2433.113 3.31779 1.138
2433.503 3.76434 1.17019
2433.894 1.67272 1.05823
2434.284 0.911906 1.00855
2434.674 1.33311 1.04535
2435.064 1.11731 1.03011
2435.455 3.0782 1.13923
2435.845 1.91698 1.0834
2436.235 2.51424 1.14369
2436.625 3.59151 1.19326
2437.016 0.566333 1.02575
2437.406 0.897799 1.04168
2437.796 2.581 1.12818
2438.187 2.46411 1.12629
2438.577 3.17979 1.14862
2438.967 3.89626 1.18283
2439.357 2.59484 1.12023
2439.748 3.67639 1.18454
2440.138 2.6612 1.11752
2440.528 2.20715 1.10081
2440.918 1.97751 1.08212
2441.309 4.49118 1.2113
2441.699 3.04142 1.15008
2442.089 1.48064 1.06318
2442.479 3.09737 1.13593
2442.87 2.96012 1.00308
2443.26 2.34768 0.921228
2443.65 4.63806 1.04435
2444.041 4.25883 0.958046
2444.431 3.68694 0.779792
2444.821 3.62834 0.792261
2445.211 3.77337 0.800388
2445.602 5.42926 0.858363
2445.992 5.29717 0.859301
2446.382 4.90808 0.844749
2446.772 3.85176 0.811667
2447.163 3.34359 0.776754
2447.553 4.36049 0.830727
2447.943 4.2064 0.783627
2448.333 3.86564 0.760409
2448.724 3.43304 0.683903
2449.114 4.39561 0.710256
2449.504 4.41152 0.715958
2449.894 4.3578 0.722689
2450.285 4.49864 0.72916
2450.675 4.82291 0.737611
2451.065 4.61971 0.732256
2451.455 4.14784 0.718881
2451.846 4.42041 0.728568
2452.236 3.50732 0.702115
2452.626 3.38939 0.700732
2453.016 2.94059 0.691851
2453.407 3.0714 0.692342
2453.797 3.26314 0.70275
2454.187 3.57107 0.712256
2454.578 3.99095 0.723445
2454.968 3.55477 0.707911
2455.358 4.12057 0.736194
2455.748 3.32933 0.707875
2456.139 2.93844 0.688161
2456.529 2.75547 0.686239
2456.919 3.99832 0.730919
2457.309 3.753 0.717257
2457.7 2.50366 0.676937
2458.09 3.04557 0.69483
2458.48 3.82958 0.723717
2458.87 4.90675 0.756999
2459.261 4.0595 0.727685
2459.651 3.22784 0.70402
2460.041 3.69077 0.714953
2460.431 3.46158 0.711855
2460.822 3.20184 0.701865
2461.212 4.06761 0.732729
2461.602 4.54615 0.742816
2461.992 4.05546 0.720582
2462.383 3.44537 0.711304
2462.773 3.95347 0.72241
2463.163 3.81827 0.710487
2463.553 2.8995 0.687168
2463.944 3.1373 0.649238
2464.334 3.63576 0.613277
2464.724 3.91224 0.622603
2465.115 3.33081 0.610678
2465.505 3.6405 0.621356
2465.895 4.28439 0.638468
2466.285 4.01107 0.630401
2466.676 4.40342 0.644026
2467.066 4.65929 0.652119
2467.456 4.18699 0.640762
2467.846 3.33103 0.609984
2468.237 3.03895 0.60052
2468.627 3.49774 0.619188
2469.017 3.34629 0.611485
2469.407 4.10164 0.637817
2469.798 3.77205 0.626456
2470.188 2.85316 0.603664
2470.578 3.56745 0.621964
2470.969 4.49968 0.644637
2471.359 4.14501 0.636114
2471.749 3.55565 0.626497
2472.139 3.77281 0.628322
2472.53 3.32011 0.618582
2472.92 3.61079 0.626056
2473.31 3.82161 0.632917
2473.7 3.1815 0.613269
2474.091 2.9816 0.61086
2474.481 3.26738 0.62128
2474.871 3.36621 0.618106
2475.261 2.09251 0.581349
2475.652 1.86905 0.575598
2476.042 2.05273 0.577933
2476.432 2.24525 0.583044
2476.823 2.93341 0.605692
2477.213 2.8437 0.603993
2477.603 2.38206 0.585942
2477.993 3.36525 0.614874
2478.384 3.23262 0.606348
2478.774 3.13214 0.608413
2479.164 3.34218 0.616219
2479.554 3.76367 0.626711
2479.945 3.72618 0.618775
2480.335 3.38941 0.608481
2480.725 3.98745 0.623656
2481.115 4.23835 0.635196
2481.506 4.04643 0.627408
2481.896 3.25795 0.602527
2482.286 2.39398 0.582036
2482.677 3.81413 0.622081
2483.067 3.49684 0.609681
2483.457 3.76607 0.583926
2483.847 3.74056 0.58882
2484.238 4.42786 0.60303
2484.628 4.70413 0.611939
2485.018 4.21197 0.601171
2485.408 4.80741 0.613958
2485.799 3.88676 0.590264
2486.189 3.80183 0.589139
2486.579 3.9038 0.587243
2486.969 3.82354 0.588057
2487.36 4.40183 0.605414
2487.75 3.86797 0.590349
2488.14 3.91576 0.59234
2488.53 3.46321 0.57711
2488.921 3.55646 0.579217
2489.311 3.39422 0.574212
2489.701 4.58458 0.606728
2490.092 4.21345 0.600629
2490.482 3.52711 0.582543
2490.872 3.54248 0.580065
2491.262 4.01851 0.594825
2491.653 3.70005 0.585224
2492.043 3.50968 0.578486
2492.433 3.42596 0.577776
2492.823 3.20285 0.571857
2493.214 3.70808 0.585371
2493.604 3.45626 0.581304
2493.994 3.30498 0.576371
2494.384 3.16886 0.5687
2494.775 3.58953 0.57983
2495.165 4.44628 0.602903
2495.555 4.41393 0.598159
2495.945 3.85256 0.589473
2496.336 4.49345 0.603091
2496.726 4.43819 0.601788
2497.116 3.81416 0.58349
2497.506 3.99192 0.587126
2497.897 4.51686 0.604334
2498.287 3.70188 0.580168
2498.677 3.77011 0.583973
2499.067 3.80641 0.583971
2499.458 4.08282 0.590069
2499.848 4.24669 0.594326
2500.238 4.16275 0.590326
2500.628 3.42345 0.570902
2501.019 4.11508 0.587516
2501.409 3.89129 0.580545
2501.799 3.99965 0.584675
2502.19 4.46495 0.597668
2502.58 3.82459 0.577999
2502.97 4.77405 0.603134
2503.36 4.88851 0.604635
2503.751 5.535 0.620913
2504.141 5.0758 0.608709
2504.531 4.87228 0.606602
2504.921 4.54141 0.594018
2505.312 3.99093 0.579218
2505.702 4.05762 0.58365
2506.092 3.98961 0.581636
2506.482 4.44309 0.593127
2506.873 4.48636 0.591627
2507.263 4.96889 0.603651
2507.653 5.10048 0.610501
2508.043 4.96383 0.604113
2508.434 5.04369 0.604089
2508.824 4.03649 0.583615
2509.214 4.30442 0.588782
2509.604 4.75093 0.598115
2509.995 4.7887 0.604104
2510.385 5.16404 0.611605
2510.775 5.44695 0.616707
2511.166 4.58693 0.597801
2511.556 4.37313 0.591427
2511.946 4.44562 0.591156
2512.336 4.10991 0.582353
2512.727 4.71839 0.60012
2513.117 4.86179 0.601412
2513.507 4.9643 0.60654
2513.897 5.35901 0.615433
2514.288 5.37886 0.614866
2514.678 4.57682 0.5941
2515.068 3.98272 0.578419
2515.458 4.6803 0.599483
2515.849 3.99169 0.580378
2516.239 3.42916 0.564996
2516.629 3.96511 0.580202
2517.02 3.34848 0.561587
2517.41 3.75514 0.573878
2517.8 4.01301 0.580775
2518.19 4.69732 0.597777
2518.581 4.83006 0.60296
2518.971 4.80376 0.599534
2519.361 4.83036 0.599845
2519.751 4.82437 0.599518
2520.142 5.15204 0.610682
2520.532 5.24661 0.611708
2520.922 4.85398 0.600255
2521.312 4.79012 0.599336
2521.703 4.74753 0.599516
2522.093 3.98478 0.576795
2522.483 4.81355 0.598453
2522.874 5.06583 0.606402
2523.264 4.95803 0.601017
2523.654 4.78836 0.601074
2524.044 5.1433 0.607853
2524.435 5.12395 0.60671
2524.825 4.6296 0.593468
2525.215 4.28138 0.586358
2525.605 5.12194 0.606548
2525.996 5.43938 0.613521
2526.386 4.55549 0.592988
2526.776 3.37968 0.562574
2527.167 2.98754 0.554087
2527.557 3.08006 0.554432
2527.947 3.45753 0.565264
2528.337 4.08471 0.582563
2528.728 5.0041 0.605461
2529.118 4.83946 0.599698
2529.508 5.34214 0.612406
2529.898 6.88603 0.649813
2530.289 6.83696 0.648117
2530.679 5.85496 0.624809
2531.069 6.15775 0.633381
2531.459 6.41984 0.640318
2531.85 6.29798 0.635316
2532.24 6.9724 0.650861
2532.63 7.45899 0.66697
2533.02 6.36554 0.637768
2533.411 6.64908 0.643473
2533.801 7.05054 0.654974
2534.191 7.23628 0.658525
2534.581 7.23763 0.658302
2534.972 6.43298 0.643331
2535.362 6.10232 0.634927
2535.752 6.52288 0.641744
2536.142 6.53654 0.641988
2536.533 5.32376 0.614076
2536.923 3.91102 0.577985
2537.313 3.76162 0.574171
2537.703 2.78767 0.549845
2538.094 2.37594 0.53953
2538.484 3.05711 0.555499
2538.874 3.79654 0.576244
2539.265 3.52251 0.567623
2539.655 3.514 0.564744
2540.045 3.54095 0.567443
2540.435 2.78255 0.548375
2540.826 1.59335 0.512264
2541.216 0.986674 0.49387
2541.606 0.953031 0.493105
2541.996 1.06244 0.496725
2542.387 0.819647 0.491583
2542.777 1.30286 0.505514
2543.167 1.12387 0.500533
2543.557 0.825622 0.492511
2543.948 0.612984 0.481375
2544.338 0.63855 0.485183
2544.728 0.858984 0.493058
2545.118 0.783263 0.488245
2545.509 0.528064 0.479675
2545.899 0.273468 0.475466
2546.289 1.22803 0.503003
2546.679 0.931429 0.495176
2547.07 -0.0208775 0.464735
2547.46 0.26739 0.469062
2547.85 0.816838 0.492258
2548.24 0.319138 0.473698
2548.631 0.520427 0.481187
2549.021 0.443769 0.480625
2549.411 0.884232 0.492321
2549.802 1.24755 0.502685
2550.192 0.14146 0.47
2550.582 1.29768 0.502813
2550.972 1.21427 0.503413
2551.363 1.19424 0.501973
2551.753 1.75298 0.51646
2552.143 2.07 0.526464
2552.533 2.33374 0.534193
2552.924 2.48576 0.540241
2553.314 2.64285 0.54281
2553.704 2.9852 0.55205
2554.094 3.33373 0.561837
2554.485 3.38048 0.564296
2554.875 3.11308 0.557055
2555.265 3.72119 0.573161
2555.656 4.2192 0.585398
2556.046 3.56155 0.568418
2556.436 4.08371 0.583685
2556.826 4.5604 0.592385
2557.217 4.79783 0.598678
2557.607 4.64146 0.598006
2557.997 4.50629 0.591852
2558.387 5.83834 0.624422
2558.778 6.22805 0.636672
2559.168 5.65199 0.62272
2559.558 5.26084 0.611533
2559.948 5.23154 0.611742
2560.339 5.24838 0.611504
2560.729 5.73144 0.623956
2561.119 6.54168 0.645725
2561.51 6.12914 0.635911
2561.9 6.18943 0.63753
2562.29 7.04783 0.656234
2562.68 5.92684 0.627276
2563.071 5.79328 0.629122
2563.461 6.78226 0.652638
2563.851 6.27879 0.636967
2564.241 6.37179 0.639997
2564.632 6.95343 0.654717
2565.022 7.15225 0.657852
2565.412 6.56379 0.645841
2565.802 6.18193 0.636127
2566.193 6.18465 0.631537
2566.583 5.22059 0.611894
2566.973 5.5983 0.621087
2567.364 6.12014 0.634891
2567.754 5.56909 0.619935
2568.144 6.16834 0.632946
2568.534 6.45008 0.642898
2568.925 6.14429 0.635007
2569.315 5.6271 0.622045
2569.705 5.68126 0.624938
2570.095 5.86385 0.62882
2570.486 5.80803 0.625777
2570.876 5.9393 0.630869
2571.266 5.95418 0.630853
2571.656 5.47987 0.62201
2572.047 5.5253 0.622592
2572.437 5.8716 0.630096
2572.827 5.37432 0.61955
2573.217 4.80572 0.604471
2573.608 5.18619 0.617286
2573.998 5.7638 0.628761
2574.388 5.44192 0.621857
2574.779 3.9495 0.582628
2575.169 3.37185 0.565733
2575.559 2.69077 0.550123
2575.949 3.2908 0.564878
2576.34 3.72309 0.577484
2576.73 3.62495 0.575434
2577.12 4.35838 0.59321
2577.51 5.42785 0.619388
2577.901 5.66894 0.626464
2578.291 5.43797 0.618729
2578.681 5.86866 0.631654
2579.071 5.93275 0.634448
2579.462 6.18645 0.640876
2579.852 5.32332 0.616837
2580.242 6.03205 0.634828
2580.632 6.22998 0.64285
2581.023 6.59474 0.651094
2581.413 6.37536 0.645441
2581.803 5.61447 0.62684
2582.193 5.34798 0.619395
2582.584 4.13874 0.591434
2582.974 4.17512 0.591525
2583.364 3.61468 0.574678
2583.754 3.37705 0.572501
2584.145 3.90342 0.585366
2584.535 4.19015 0.590689
2584.925 4.15644 0.590902
2585.315 4.07397 0.588732
2585.706 3.8893 0.584341
2586.096 3.16345 0.567015
2586.486 2.96169 0.55928
2586.877 3.29929 0.564928
2587.267 3.99448 0.585181
2587.657 5.07421 0.612948
2588.047 5.25317 0.619565
2588.438 4.74551 0.610446
2588.828 3.23248 0.567401
2589.218 2.94679 0.556091
2589.608 2.09619 0.534875
2589.999 2.16644 0.537856
2590.389 2.52201 0.547971
2590.779 2.58082 0.548286
2591.169 3.36393 0.568803
2591.56 3.23382 0.566545
2591.95 3.74079 0.580058
2592.34 3.52984 0.577863
2592.73 2.58152 0.548576
2593.121 2.50927 0.547768
2593.511 2.80392 0.559455
2593.901 2.04494 0.534983
2594.292 1.61671 0.520892
2594.682 2.00089 0.531939
2595.072 2.87459 0.558063
2595.462 2.97755 0.561981
2595.853 2.06863 0.535537
2596.243 2.13608 0.536759
2596.633 2.46045 0.547526
2597.023 3.31003 0.568552
2597.414 2.94128 0.559055
2597.804 2.81491 0.558762
2598.194 3.10794 0.563972
2598.584 3.43708 0.576161
2598.975 3.27511 0.573563
2599.365 2.09443 0.538107
2599.755 2.04923 0.536759
2600.146 2.37773 0.547711
2600.536 2.88722 0.557636
2600.926 3.54539 0.577002
2601.316 3.24121 0.569971
2601.707 3.40047 0.571205
2602.097 3.84869 0.58689
2602.487 3.60263 0.580076
2602.877 4.00303 0.58995
2603.268 3.73313 0.583085
2603.658 3.51487 0.577202
2604.048 3.74613 0.582347
2604.438 3.17006 0.570527
2604.829 3.25432 0.571469
2605.219 4.11116 0.592685
2605.609 4.59044 0.605208
2606. 4.26616 0.597671
2606.39 4.46547 0.602879
2606.78 3.96031 0.587679
2607.17 3.91841 0.587183
2607.561 3.86425 0.591812
2607.951 4.40886 0.599628
2608.341 4.47548 0.599857
2608.731 5.0101 0.617276
2609.122 4.70138 0.608211
2609.512 5.38505 0.626433
2609.902 4.75018 0.609147
2610.292 3.90906 0.587987
2610.683 4.05396 0.591735
2611.073 4.75397 0.611178
2611.463 4.82525 0.612672
2611.854 4.82062 0.610706
2612.244 4.06302 0.592613
2612.634 4.63774 0.608351
2613.024 4.65403 0.609551
2613.415 4.20273 0.597211
2613.805 3.93833 0.589341
2614.195 4.40153 0.599685
2614.585 3.795 0.583626
2614.976 3.53272 0.580916
2615.366 3.69889 0.585436
2615.756 4.27127 0.594003
2616.146 4.48891 0.603145
2616.537 4.35073 0.600118
2616.927 4.59851 0.603715
2617.317 5.25232 0.624725
2617.707 5.29063 0.624412
2618.098 4.29758 0.597703
2618.488 3.90621 0.591778
2618.878 4.1805 0.596868
2619.268 4.79962 0.612372
2619.659 5.19002 0.625915
2620.049 5.07341 0.623002
2620.439 3.64521 0.586009
2620.829 3.93196 0.596184
2621.22 5.12764 0.623376
2621.61 4.73168 0.614539
2622. 4.03967 0.596993
2622.39 4.57685 0.609109
2622.781 4.29073 0.604498
2623.171 3.92925 0.592825
2623.561 4.61061 0.610584
2623.952 4.42158 0.606548
2624.342 4.48468 0.609302
2624.732 3.9463 0.593159
2625.122 3.24978 0.575192
2625.513 3.96593 0.595507
2625.903 4.14663 0.600029
2626.293 4.7171 0.615091
2626.683 4.56357 0.609714
2627.074 4.09579 0.598334
2627.464 4.00921 0.599123
2627.854 4.12504 0.601445
2628.244 3.72105 0.589733
2628.635 3.97952 0.601136
2629.025 3.82212 0.595287
2629.415 3.30876 0.580789
2629.805 3.84913 0.594546
2630.196 3.78515 0.591756
2630.586 4.34208 0.607947
2630.976 4.54803 0.615244
2631.366 4.15749 0.605368
2631.757 3.18319 0.576696
2632.147 3.01798 0.569794
2632.537 5.15217 0.629254
2632.927 4.53396 0.613044
2633.318 3.5374 0.586874
2633.708 4.15 0.605433
2634.098 3.97119 0.600076
2634.489 3.88503 0.598248
2634.879 3.68328 0.595166
2635.269 3.74229 0.592893
2635.659 3.96235 0.597173
2636.05 4.23775 0.607569
2636.44 3.98252 0.600045
2636.83 4.31583 0.609562
2637.22 4.24865 0.608511
2637.611 3.48726 0.587993
2638.001 3.36068 0.587537
2638.391 4.05893 0.607422
2638.781 4.2036 0.609236
2639.172 4.52436 0.61651
2639.562 3.74489 0.596789
2639.952 3.98061 0.60307
2640.343 3.84677 0.600799
2640.733 3.22904 0.584443
2641.123 3.33559 0.586118
2641.513 3.18159 0.584323
2641.904 3.2708 0.582772
2642.294 3.07745 0.578261
2642.684 3.1154 0.580706
2643.074 4.20121 0.608455
2643.465 4.25873 0.612178
2643.855 3.68441 0.597533
2644.245 3.98441 0.601679
2644.635 3.98997 0.601275
2645.026 3.34965 0.587123
2645.416 3.66517 0.595184
2645.806 3.81137 0.597171
2646.197 3.53272 0.590552
2646.587 3.89256 0.602932
2646.977 3.99371 0.605045
2647.367 3.91871 0.602094
2647.758 4.06611 0.606049
2648.148 4.13892 0.603976
2648.538 3.37103 0.588859
2648.928 3.99494 0.604918
2649.319 3.46488 0.591553
2649.709 3.64413 0.595239
2650.099 3.54555 0.59146
2650.49 3.76451 0.598951
2650.88 3.09632 0.581351
2651.27 3.9432 0.603582
2651.66 4.81405 0.62531
2652.051 3.66129 0.597817
2652.441 3.80686 0.600389
2652.831 4.0271 0.608112
2653.221 4.47617 0.617713
2653.612 4.38747 0.613524
2654.002 4.69856 0.624276
2654.392 4.00945 0.605651
2654.782 3.43427 0.58844
2655.173 3.59697 0.593542
2655.563 4.08178 0.607237
2655.953 3.65184 0.596313
2656.343 3.57203 0.595402
2656.734 3.79947 0.600161
2657.124 4.34177 0.614722
2657.514 3.79293 0.602369
2657.904 3.72058 0.597223
2658.295 3.38365 0.589426
2658.685 3.98722 0.608371
2659.075 3.33937 0.591542
2659.466 3.86951 0.60599
2659.856 3.46764 0.596804
2660.246 3.4874 0.595076
2660.636 3.55313 0.595915
2661.027 4.1715 0.614444
2661.417 3.93129 0.606481
2661.807 3.63464 0.595975
2662.197 4.05373 0.60828
2662.588 4.32684 0.619129
2662.978 3.77377 0.605034
2663.368 2.97212 0.584964
2663.758 3.39629 0.594703
2664.149 3.75337 0.600916
2664.539 3.88901 0.606565
2664.929 3.67266 0.602967
2665.319 4.24437 0.619375
2665.71 4.01951 0.612439
2666.1 3.88332 0.607913
2666.49 3.50562 0.598473
2666.88 3.25673 0.591111
2667.271 3.90225 0.609225
2667.661 2.91225 0.581945
2668.051 2.49753 0.571324
2668.441 3.04859 0.58832
2668.832 3.35384 0.594494
2669.222 3.94741 0.608704
2669.612 3.56867 0.601233
2670.002 2.50174 0.571683
2670.393 2.6262 0.576985
2670.783 3.42494 0.599296
2671.173 2.80143 0.580738
2671.564 2.69601 0.581258
2671.954 2.84934 0.585034
2672.344 3.83683 0.609055
2672.734 3.3905 0.600606
2673.125 3.20276 0.595272
2673.515 3.7112 0.611997
2673.905 3.40769 0.604466
2674.295 2.40435 0.574473
2674.686 3.26777 0.59734
2675.076 3.15751 0.59607
2675.466 3.18991 0.595661
2675.856 3.4206 0.60176
2676.247 3.74318 0.612539
2676.637 3.70472 0.609199
2677.027 4.01212 0.618279
2677.417 3.56387 0.605787
2677.808 3.23429 0.596471
2678.198 3.89743 0.614983
2678.588 3.88168 0.615952
2678.979 3.65755 0.609362
2679.369 3.09165 0.595275
2679.759 3.28702 0.600252
2680.149 3.33842 0.600362
2680.54 3.22168 0.600899
2680.93 2.95916 0.593415
2681.32 3.19735 0.599531
2681.71 2.84793 0.589715
2682.101 3.08955 0.595941
2682.491 3.63351 0.612231
2682.881 3.66838 0.611562
2683.271 3.97169 0.618998
2683.662 3.6933 0.614919
2684.052 4.39213 0.63332
2684.442 3.26373 0.602678
2684.833 3.05001 0.597952
2685.223 2.87807 0.589493
2685.613 2.74257 0.588362
2686.003 3.27328 0.604618
2686.394 4.11713 0.6243
2686.784 3.34831 0.603268
2687.174 2.52042 0.58165
2687.564 3.80877 0.617523
2687.955 3.35529 0.606123
2688.345 2.77743 0.591794
2688.735 3.34495 0.607372
2689.125 3.29237 0.607227
2689.516 3.8402 0.620127
2689.906 3.38393 0.609509
2690.296 3.48987 0.612033
2690.687 3.25797 0.603333
2691.077 2.33705 0.581202
2691.467 3.01882 0.600031
2691.857 4.22004 0.628797
2692.248 3.09226 0.601488
2692.638 3.11712 0.602364
2693.028 3.39492 0.608909
2693.418 2.9948 0.60156
2693.809 2.96975 0.597617
2694.199 3.17807 0.60371
2694.589 3.25986 0.610379
2694.979 3.36788 0.611988
2695.37 3.6938 0.616815
2695.76 4.2411 0.635544
2696.15 3.66534 0.619515
2696.541 3.20037 0.606499
2696.931 3.15997 0.605646
2697.321 2.76157 0.595418
2697.711 3.4104 0.614773
2698.102 3.24575 0.609262
2698.492 2.73018 0.597526
2698.882 3.35912 0.611531
2699.272 3.85666 0.626488
2699.663 4.18549 0.635111
2700.053 3.54795 0.620245
2700.443 3.12251 0.607521
2700.833 3.4441 0.614285
2701.224 3.45437 0.616911
2701.614 3.18788 0.610376
2702.004 3.40793 0.615706
2702.394 4.85533 0.653336
2702.785 4.61719 0.649135
2703.175 3.93084 0.63001
2703.565 3.45495 0.619938
2703.955 3.77799 0.629445
2704.346 4.38677 0.644136
2704.736 3.98697 0.634046
2705.126 4.50354 0.648998
2705.516 3.6662 0.626937
2705.907 3.27839 0.619363
2706.297 3.50696 0.62671
2706.687 3.60559 0.622584
2707.077 3.79389 0.629989
2707.468 3.24482 0.619174
2707.858 2.97468 0.607308
2708.248 3.08938 0.612021
2708.639 3.35183 0.622573
2709.029 2.31034 0.590722
2709.419 2.4103 0.593355
2709.809 3.04755 0.613525
2710.2 3.57328 0.62637
2710.59 3.67937 0.628391
2710.98 3.92083 0.635524
2711.37 3.16855 0.615567
2711.761 3.37345 0.619994
2712.151 3.13277 0.616261
2712.541 3.21631 0.619048
2712.931 3.66279 0.63164
2713.322 4.16177 0.645131
2713.712 3.26434 0.619322
2714.102 2.28715 0.591861
2714.492 3.51266 0.626523
2714.883 3.67253 0.628762
2715.273 3.44061 0.626473
2715.663 3.23116 0.621499
2716.053 3.21617 0.617274
2716.444 3.54779 0.627734
2716.834 2.93761 0.612142
2717.224 3.28309 0.623008
2717.615 3.98275 0.640622
2718.005 4.07151 0.64287
2718.395 3.6109 0.631363
2718.785 3.52187 0.628926
2719.176 3.22458 0.619717
2719.566 3.55303 0.629085
2719.956 4.12956 0.645064
2720.346 3.22685 0.62139
2720.737 3.40037 0.628446
2721.127 4.14942 0.648846
2721.517 3.95441 0.642898
2721.907 3.17155 0.618396
2722.298 2.82243 0.612508
2722.688 3.39836 0.629295
2723.078 2.58274 0.603599
2723.469 3.24919 0.627988
2723.859 4.26243 0.653023
2724.249 4.19897 0.649383
2724.639 3.3575 0.629003
2725.03 3.1403 0.624072
2725.42 3.01356 0.617348
2725.81 2.84295 0.614242
2726.2 3.4269 0.631146
2726.591 4.22717 0.649977
2726.981 3.42154 0.630231
2727.371 3.83752 0.63907
2727.761 4.05592 0.646549
2728.152 2.6954 0.608747
2728.542 2.96673 0.618451
2728.932 3.73702 0.63942
2729.323 3.40202 0.632272
2729.713 3.18248 0.623938
2730.103 2.75725 0.613058
2730.493 2.11234 0.596163
2730.884 2.48242 0.607858
2731.274 2.83749 0.619645
2731.664 3.19688 0.627518
2732.054 3.94448 0.646906
2732.445 3.76324 0.645197
2732.835 2.968 0.622599
2733.225 2.79615 0.615113
2733.615 2.66975 0.617808
2734.006 3.30924 0.632856
2734.396 3.80925 0.644669
2734.786 3.79046 0.649436
2735.177 3.39089 0.637465
2735.567 3.36498 0.63447
2735.957 3.64247 0.644712
2736.347 3.81897 0.649211
2736.738 3.62353 0.644332
2737.128 3.39696 0.638568
2737.518 3.41345 0.639173
2737.908 3.85045 0.654097
2738.299 3.50245 0.644069
2738.689 3.15524 0.633732
2739.079 3.10271 0.630411
2739.469 3.40236 0.640399
2739.86 3.27506 0.638089
2740.25 2.63651 0.622051
2740.64 2.8529 0.629026
2741.03 2.72799 0.624155
2741.421 2.88493 0.626029
2741.811 4.66428 0.672615
2742.201 4.49558 0.674183
2742.591 3.07279 0.634426
2742.982 2.57213 0.620744
2743.372 2.29647 0.61511
2743.762 2.68444 0.624752
2744.153 3.24897 0.639841
2744.543 2.93977 0.634994
2744.933 2.57097 0.624026
2745.323 3.00278 0.635671
2745.714 3.31572 0.646492
2746.104 2.93225 0.634723
2746.494 3.77765 0.658134
2746.884 3.28315 0.644235
2747.275 2.84182 0.63259
2747.665 2.06101 0.615207
2748.055 3.27597 0.64481
2748.445 3.13828 0.641716
2748.836 2.69486 0.634181
2749.226 2.47437 0.62705
2749.616 3.11828 0.642333
2750.006 2.87016 0.638866
2750.397 2.72235 0.635674
2750.787 2.77169 0.635858
2751.177 2.85699 0.641373
2751.567 2.98161 0.643409
2751.958 3.20692 0.648887
2752.348 2.4382 0.629076
2752.738 3.00251 0.646052
2753.128 3.60135 0.660665
2753.519 3.1521 0.650776
2753.909 3.68339 0.663312
2754.299 2.79839 0.640094
2754.689 2.83848 0.641308
2755.08 3.53849 0.658123
2755.47 2.27495 0.624856
2755.86 2.61258 0.635164
2756.251 2.6389 0.636793
2756.641 3.31579 0.655266
2757.031 3.48998 0.659578
2757.421 3.05049 0.649624
2757.812 3.44573 0.659707
2758.202 3.90906 0.672262
2758.592 3.44362 0.660308
2758.982 3.06525 0.650624
2759.373 3.07614 0.653399
2759.763 4.22243 0.67995
2760.153 4.08313 0.676833
2760.543 3.47561 0.660322
2760.934 3.25431 0.656936
2761.324 3.73024 0.671851
2761.714 2.8123 0.64615
2762.104 1.96472 0.62118
2762.495 3.06774 0.65213
2762.885 3.45361 0.66513
2763.275 3.89085 0.679568
2763.666 3.8856 0.676842
2764.056 3.25343 0.658088
2764.446 3.39769 0.664446
2764.836 3.47041 0.666611
2765.227 3.5402 0.67131
2765.617 2.98531 0.653689
2766.007 2.55062 0.641027
2766.397 3.02446 0.656182
2766.788 3.1472 0.657066
2767.178 3.08346 0.658696
2767.568 3.09544 0.66048
2767.958 2.6459 0.643506
2768.349 3.47391 0.667307
2768.739 3.5706 0.668987
2769.129 3.11576 0.657047
2769.52 3.25275 0.664162
2769.91 3.30274 0.665473
2770.3 3.50944 0.668803
2770.69 3.66483 0.673142
2771.081 3.58046 0.670661
2771.471 3.88665 0.680897
2771.861 3.93528 0.680261
2772.251 3.811 0.676212
2772.642 3.21447 0.662581
2773.032 3.70235 0.67678
2773.422 2.81015 0.654813
2773.812 3.04299 0.663405
2774.203 3.67041 0.682063
2774.593 3.29107 0.666683
2774.983 4.00089 0.685373
2775.374 3.63271 0.677152
2775.764 2.57935 0.64809
2776.154 2.79148 0.653761
2776.544 3.83132 0.681634
2776.935 3.56763 0.675818
2777.325 3.12836 0.664073
2777.715 2.54968 0.651947
2778.105 3.15649 0.667924
2778.496 3.53515 0.677043
2778.886 3.23708 0.66889
2779.276 2.95416 0.663152
2779.666 4.13071 0.693858
2780.057 3.24952 0.670577
2780.447 2.47781 0.64913
2780.837 2.35318 0.646605
2781.228 2.66915 0.659985
2781.618 3.30568 0.675352
2782.008 2.97528 0.667351
2782.398 2.98533 0.668777
2782.789 2.61245 0.653718
2783.179 2.54953 0.653866
2783.569 3.07714 0.673296
2783.959 3.14231 0.671128
2784.35 2.66393 0.659187
2784.74 2.94176 0.671009
2785.13 2.53287 0.657541
2785.52 2.75492 0.666278
2785.911 2.73564 0.667571
2786.301 3.7906 0.689808
2786.691 4.04816 0.700057
2787.081 3.15743 0.675642
2787.472 2.44422 0.656702
2787.862 2.47488 0.662519
2788.252 2.874 0.671703
2788.642 3.06197 0.675181
2789.033 3.10393 0.674581
2789.423 2.35364 0.655428
2789.813 3.0693 0.676626
2790.203 2.92337 0.673333
2790.594 2.48799 0.660144
2790.984 2.20463 0.652635
2791.374 2.07384 0.647115
2791.764 2.04685 0.647268
2792.155 2.00842 0.648935
2792.545 1.13325 0.623661
2792.935 1.72981 0.64011
2793.326 2.51821 0.666064
2793.716 2.55318 0.66627
2794.106 2.67268 0.666592
2794.496 2.87966 0.672806
2794.887 3.13899 0.681242
2795.277 2.0698 0.647764
2795.667 0.206092 0.592351
2796.057 0.0399457 0.588878
2796.448 1.02286 0.622603
2796.838 1.5422 0.635169
2797.228 1.3823 0.629597
2797.618 1.78848 0.646298
2798.009 2.08415 0.652582
2798.399 1.61524 0.642621
2798.789 1.57612 0.641275
2799.179 1.31004 0.631975
2799.57 2.48251 0.663971
2799.96 2.02667 0.651126
2800.35 2.18782 0.655449
2800.74 2.49214 0.66697
2801.131 2.59508 0.670932
2801.521 2.74192 0.673316
2801.911 1.89176 0.652338
2802.302 1.95863 0.654562
2802.692 1.17856 0.631589
2803.082 1.57373 0.64417
2803.472 2.25683 0.664413
2803.863 1.84707 0.651085
2804.253 2.73533 0.680356
2804.643 3.08738 0.689161
2805.033 2.72358 0.674964
2805.424 2.07571 0.661677
2805.814 2.67351 0.682189
2806.204 2.9145 0.688124
2806.594 2.28246 0.669827
2806.985 3.12541 0.692932
2807.375 3.44186 0.704297
2807.765 3.32657 0.700147
2808.156 2.85968 0.690925
2808.546 3.0331 0.695714
2808.936 2.43879 0.674223
2809.326 2.9965 0.690318
2809.717 2.38243 0.676998
2810.107 2.51055 0.680864
2810.497 3.26525 0.700076
2810.887 3.99981 0.723642
2811.278 3.12876 0.698639
2811.668 3.20379 0.699479
2812.058 3.07161 0.699725
2812.448 3.89984 0.722559
2812.839 4.06391 0.724994
2813.229 4.01277 0.725384
2813.619 3.91629 0.721162
2814.01 2.50181 0.679845
2814.4 2.10276 0.669899
2814.79 2.94121 0.692587
2815.18 3.14517 0.69825
2815.571 3.82825 0.716295
2815.961 3.5376 0.704643
2816.351 2.89446 0.685725
2816.741 3.47769 0.701493
2817.132 3.7463 0.709737
2817.522 2.751 0.679759
2817.912 2.8056 0.679953
2818.302 3.31229 0.698545
2818.693 3.94521 0.710448
2819.083 3.92469 0.707168
2819.473 3.49667 0.695302
2819.864 3.05974 0.682538
2820.254 4.04793 0.706468
2820.644 4.20717 0.71442
2821.034 3.75179 0.727364
2821.425 4.40235 0.758656
2821.815 4.42944 0.761077
2822.205 3.2204 0.721232
2822.595 3.51624 0.731931
2822.986 4.00729 0.767348
2823.376 4.46494 0.821249
2823.766 3.45524 0.793447
2824.156 3.20919 0.795418
2824.547 3.57476 0.822796
2824.937 3.74439 0.869903
2825.327 3.13939 0.848406
2825.717 2.37616 0.815961
2826.108 2.50319 0.819152
2826.498 2.5668 0.822573
2826.888 2.53652 0.82879
2827.278 3.07954 0.85071
2827.669 3.84537 0.872239
2828.059 3.69317 0.862877
2828.449 3.28086 0.856069
2828.84 3.54464 0.86764
2829.23 4.09365 0.885114
2829.62 3.14706 0.852504
2830.01 2.52196 0.833339
2830.401 3.61377 0.870034
2830.791 3.70456 0.876527
2831.181 2.9531 0.850082
2831.571 2.6747 0.83369
2831.962 3.00666 0.849716
2832.352 2.38148 0.833388
2832.742 3.20581 0.851064
2833.132 3.74111 0.866125
2833.523 3.34938 0.857319
2833.913 4.55435 0.891883
2834.303 3.37773 0.852241
2834.693 4.13634 0.876927
2835.084 4.66477 0.886901
2835.474 3.22417 0.835632
2835.864 4.03817 0.866815
2836.254 3.66753 0.846655
2836.645 3.68358 0.842562
2837.035 4.58944 0.868928
2837.425 3.9149 0.845462
2837.815 5.16001 0.883455
2838.206 5.29377 0.886135
2838.596 5.3006 0.881837
2838.986 3.9271 0.829526
2839.376 3.77544 0.81865
2839.767 5.22624 0.863301
2840.157 7.25329 0.933776
2840.547 5.69177 0.896775
2840.938 4.72175 0.908443
2841.328 6.20019 0.966066
2841.718 8.14187 1.06122
2842.108 6.50162 1.12622
2842.499 4.56366 1.11443
2842.889 4.33905 1.11231
2843.279 4.55466 1.11168
2843.669 5.05885 1.11999
2844.06 6.06608 1.15993
2844.45 3.96287 1.07403
2844.84 4.92793 1.11936
2845.23 5.53683 1.15858
2845.621 3.12644 0.89209
2846.011 3.68788 1.00287
2846.401 1.61292 1.01797
2846.792 1.23407 0.994535
2847.182 2.11584 1.03158
2847.572 2.98073 1.09187
2847.962 2.89964 1.08542
2848.353 1.75141 1.03287
2848.743 1.61262 1.03201
2849.133 1.72873 1.03522
2849.523 3.40665 1.11976
2849.914 1.86656 1.05063
2850.304 4.01645 1.16444
2850.694 2.49762 1.07873
2851.084 1.61657 1.03982
2851.475 1.55551 1.03235
2851.865 2.24741 1.06556
2852.255 1.2312 1.0079
2852.646 2.65161 1.0766
2853.036 2.36554 1.05028
2853.426 1.90802 1.04681
2853.816 1.49942 1.01392
2854.207 2.62691 1.07028
2854.597 1.29088 0.988496
2854.987 2.35948 1.03995
2855.377 2.33249 1.03242
2855.768 2.20232 1.03168
2856.158 2.14105 1.01846
2856.548 3.46909 1.08355
2856.938 3.68743 1.09305
2857.329 2.55549 1.03127
2857.719 3.60171 1.07062
2858.109 3.23257 1.0526
2858.5 2.4448 1.00756
2858.89 3.45109 1.06332
2859.28 3.20778 1.03412
2859.67 2.86261 1.0216
2860.061 4.51068 1.10026
2860.451 3.91354 1.06453
2860.841 3.84439 1.06665
2861.231 1.64129 0.969782
2861.622 2.71468 1.17801
2862.012 3.79901 1.6945
2862.402 3.93309 2.08605
2862.792 -0.873529 1.57315
2863.183 -0.606391 1.61417
2863.573 0.149026 1.71413
2863.963 5.05135 2.14122
2864.353 1.26817 1.81508
2864.744 1.01437 1.78132
2865.134 2.39088 1.94115
2865.524 0.90192 1.78227
2865.915 1.66055 1.85662
2866.305 0.146144 1.69939
2866.695 1.24212 1.80027
2867.085 2.03966 1.85722
2867.476 -0.0731338 1.69856
2867.866 2.02327 1.9218
2868.256 1.98403 1.90059
2868.646 0.968679 1.79634
2869.037 -0.778178 1.58187
2869.427 1.97551 1.88777
2869.817 4.29281 2.106
2870.207 4.93588 2.18268
2870.598 2.90948 1.97234
2870.988 2.03662 1.88282
2871.378 1.81115 1.87696
2871.768 0.282711 1.66687
2872.159 2.17319 1.82144
2872.549 3.35797 1.97541
2872.939 0.53805 1.69134
2873.329 0.345565 1.67293
2873.72 1.12377 1.70355
2874.11 0.327915 1.61637
2874.5 4.04076 1.95168
2874.89 2.64912 1.84843
2875.281 6.3188 2.17032
2875.671 3.43871 1.87375
2876.061 6.63023 2.16451
2876.451 3.44029 1.8587
2876.842 3.87503 1.87646
2877.232 2.75634 1.75676
2877.622 5.20273 1.98861
2878.013 5.91596 2.04346
2878.403 1.57333 1.53709
2878.793 3.35939 1.74607
2879.183 10.9478 2.4118
2879.574 9.28157 2.25921
2879.964 3.49944 1.73484
2880.354 8.08422 2.2203
2880.744 7.4236 2.38546
2881.135 7.32689 2.39578
2881.525 0 0
2881.915 0 0
2882.305 0 0
2882.696 0 0
2883.086 0 0
2883.476 0 0
2883.866 0 0
2884.257 0 0
2884.647 0 0
2885.037 0 0
2885.427 0 0
2885.818 0 0
2886.208 0 0
2886.598 0 0
2886.989 0 0
2887.379 0 0
2887.769 0 0
2888.159 0 0
2888.55 0 0
2888.94 0 0
2889.33 0 0
2889.72 0 0
2890.111 0 0
2890.501 0 0
2890.891 0 0
2891.281 0 0
2891.672 0 0
2892.062 0 0
2892.452 0 0
2892.843 0 0
2893.233 0 0
2893.623 0 0
2894.013 0 0
2894.404 0 0
2894.794 0 0
2895.184 0 0
2895.574 0 0
2895.965 0 0
2896.355 0 0
2896.745 0 0
2897.135 0 0
2897.526 0 0
2897.916 0 0
2898.306 0 0
2898.697 0 0
2899.087 0 0
2899.477 0 0
2899.867 0 0
2900.258 0 0
2900.648 0 0
2901.038 0 0
2901.428 0 0
2901.819 0 0
2902.209 0 0
2902.599 0 0
