1.09
lambda flux err
2406.024145005605 0 0
2406.414442350107 0 0
2406.804739694609 0 0
2407.19503703911 0 0
2407.585334383612 0 0
2407.975631728113 0 0
2408.365929072615 0 0
2408.756226417116 0 0
2409.146523761618 0 0
2409.53682110612 0 0
2409.927118450621 0 0
2410.317415795122 0 0
2410.707713139624 0 0
2411.098010484126 0 0
2411.488307828627 0 0
2411.878605173128 0 0
2412.268902517631 0 0
2412.659199862132 0 0
2413.049497206634 0 0
2413.439794551135 0 0
2413.830091895637 0 0
2414.220389240138 0 0
2414.61068658464 0 0
2415.000983929141 0 0
2415.391281273643 0 0
2415.781578618144 0 0
2416.171875962646 0 0
2416.562173307148 0 0
2416.952470651649 0 0
2417.342767996151 0 0
2417.733065340652 0 0
2418.123362685153 0 0
2418.513660029655 0 0
2418.903957374156 0 0
2419.294254718659 0 0
2419.684552063159 0 0
2420.074849407661 0 0
2420.465146752164 0 0
2420.855444096664 4.38904 1.52178
2421.245741441166 7.7885 1.92303
2421.636038785668 6.75535 1.82735
2422.026336130169 8.32474 2.01069
2422.416633474671 8.40122 1.9966
2422.806930819172 7.75594 1.96838
2423.197228163674 8.64976 2.07042
2423.587525508175 10.2229 2.18135
2423.977822852677 9.94021 2.1788
2424.368120197179 9.3944 2.11249
2424.75841754168 8.9092 2.10652
2425.148714886181 8.39623 2.07459
2425.539012230683 8.45959 2.09513
2425.929309575185 6.28589 1.90006
2426.319606919686 6.76197 1.96368
2426.709904264188 7.80518 2.05481
2427.100201608689 6.8696 1.97275
2427.49049895319 5.40209 1.85169
2427.880796297692 5.68505 1.89092
2428.271093642194 5.61148 1.90399
2428.661390986696 5.7968 1.9071
2429.051688331197 6.36052 1.96447
2429.441985675699 6.41043 1.97951
2429.8322830202 7.81581 2.10534
2430.222580364702 6.95371 2.02811
2430.612877709203 3.0153 1.68516
2431.003175053705 6.53334 1.99254
2431.393472398206 8.56264 2.16726
2431.783769742708 5.51086 1.90332
2432.174067087209 6.27089 1.95658
2432.564364431711 4.79424 1.79714
2432.954661776213 6.55553 1.98471
2433.344959120714 7.65814 2.11713
2433.735256465216 6.80459 2.02057
2434.125553809717 7.80867 2.07745
2434.515851154219 5.86649 1.87783
2434.90614849872 5.9379 1.90627
2435.296445843222 6.64155 1.99291
2435.686743187724 5.32801 1.8875
2436.077040532225 7.50634 2.04469
2436.467337876727 7.22288 2.02055
2436.857635221228 5.98502 1.91612
2437.24793256573 6.71111 1.60052
2437.638229910231 9.09923 1.54845
2438.028527254733 7.17765 1.31229
2438.418824599234 7.98609 1.34142
2438.809121943736 8.19998 1.3843
2439.199419288237 8.59342 1.38961
2439.589716632739 6.39651 1.27906
2439.98001397724 6.8742 1.29578
2440.370311321742 7.81871 1.35782
2440.760608666243 7.66994 1.3527
2441.150906010745 6.31189 1.26767
2441.541203355246 6.93981 1.08688
2441.931500699748 6.69599 1.057
2442.32179804425 8.1859 1.13172
2442.712095388751 7.28711 1.08918
2443.102392733253 5.70538 1.0178
2443.492690077755 6.26334 1.04912
2443.882987422256 7.10055 1.08947
2444.273284766758 7.39115 1.10201
2444.663582111259 8.39534 1.15719
2445.05387945576 7.34465 1.11129
2445.444176800262 6.50863 1.06876
2445.834474144764 7.49388 1.12087
2446.224771489265 6.16819 1.06824
2446.615068833767 6.60513 1.0923
2447.005366178268 6.91079 1.09937
2447.39566352277 6.10135 1.06053
2447.785960867272 6.25219 1.06769
2448.176258211773 7.12843 1.10139
2448.566555556275 7.41603 1.11871
2448.956852900776 7.36284 1.11747
2449.347150245277 6.29282 1.06513
2449.737447589779 5.51306 1.04238
2450.127744934281 7.04862 1.11995
2450.518042278783 6.84564 1.10356
2450.908339623283 7.1726 1.11115
2451.298636967786 6.52246 1.08281
2451.688934312287 8.05926 1.17076
2452.079231656788 6.54958 1.09714
2452.46952900129 5.76764 1.04944
2452.859826345792 6.47175 1.08053
2453.250123690293 6.1488 1.06864
2453.640421034795 6.38037 1.07727
2454.030718379296 7.341 1.12466
2454.421015723798 6.97484 1.1121
2454.811313068299 7.76636 1.13402
2455.201610412801 6.29663 1.06323
2455.591907757303 7.34108 1.11392
2455.982205101804 6.71062 1.08357
2456.372502446306 5.81502 0.928008
2456.762799790807 8.62264 1.03752
2457.153097135309 8.88768 1.04966
2457.54339447981 7.56 0.995017
2457.933691824311 6.26102 0.943753
2458.323989168813 6.04072 0.935773
2458.714286513314 7.46516 0.994022
2459.104583857816 7.50501 0.988143
2459.494881202319 6.74206 0.954906
2459.88517854682 6.69091 0.961341
2460.275475891321 7.43453 0.994094
2460.665773235823 7.12483 0.982935
2461.056070580324 5.45895 0.907308
2461.446367924826 3.85744 0.839201
2461.836665269327 3.49775 0.816457
2462.226962613829 2.24423 0.758415
2462.61725995833 3.26756 0.809688
2463.007557302832 4.98226 0.883454
2463.397854647334 6.01417 0.927014
2463.788151991835 6.15651 0.940188
2464.178449336337 6.39187 0.944887
2464.568746680838 6.23793 0.937719
2464.95904402534 6.11593 0.931727
2465.349341369841 5.80248 0.919114
2465.739638714343 5.54722 0.91634
2466.129936058844 5.78805 0.925886
2466.520233403346 5.29292 0.904709
2466.910530747847 6.61577 0.961452
2467.300828092349 7.33516 0.987318
2467.691125436851 6.15219 0.937683
2468.081422781352 4.23595 0.849428
2468.471720125854 4.23058 0.853387
2468.862017470355 4.66441 0.878303
2469.252314814857 5.97636 0.928004
2469.642612159358 7.10558 0.97051
2470.03290950386 5.42098 0.902319
2470.423206848361 5.01298 0.881494
2470.813504192863 5.19933 0.890349
2471.203801537364 5.41961 0.90433
2471.594098881866 6.60572 0.949044
2471.984396226367 6.30863 0.936764
2472.37469357087 5.83902 0.922696
2472.76499091537 5.83448 0.915656
2473.155288259872 7.08826 0.958219
2473.545585604374 7.65792 0.982696
2473.935882948875 6.65451 0.945025
2474.326180293377 7.05919 0.959619
2474.716477637879 7.00799 0.957626
2475.10677498238 7.8218 0.989321
2475.497072326882 7.26839 0.885384
2475.887369671383 7.33671 0.881132
2476.277667015885 6.76981 0.864874
2476.667964360386 6.31586 0.851419
2477.058261704888 5.67045 0.823679
2477.448559049389 5.35171 0.808896
2477.838856393891 4.06099 0.755227
2478.229153738392 3.47894 0.729411
2478.619451082894 3.28163 0.728703
2479.009748427396 3.44443 0.735706
2479.400045771897 5.39341 0.817992
2479.790343116398 7.17157 0.879159
2480.1806404609 6.78314 0.859899
2480.570937805401 8.6829 0.929974
2480.961235149903 7.74179 0.901527
2481.351532494405 7.10104 0.875769
2481.741829838906 7.14069 0.876524
2482.132127183408 7.43316 0.890306
2482.52242452791 7.97567 0.908419
2482.912721872411 8.00571 0.910604
2483.303019216913 8.02621 0.911223
2483.693316561414 7.65302 0.892788
2484.083613905916 7.99662 0.905171
2484.473911250417 7.08814 0.876392
2484.864208594919 6.45337 0.855349
2485.25450593942 7.54862 0.894053
2485.644803283922 8.22142 0.920193
2486.035100628423 7.34058 0.883067
2486.425397972925 6.30384 0.849912
2486.815695317427 6.78978 0.866519
2487.205992661928 6.26091 0.8419
2487.59629000643 6.89069 0.86427
2487.986587350931 7.53283 0.893375
2488.376884695433 7.84222 0.897591
2488.767182039934 6.74856 0.860274
2489.157479384436 7.55485 0.883883
2489.547776728937 8.42347 0.914428
2489.938074073438 8.43564 0.920761
2490.328371417941 7.34448 0.882228
2490.718668762442 8.52922 0.922077
2491.108966106944 8.56975 0.920434
2491.499263451445 7.57352 0.887095
2491.889560795947 7.20921 0.872847
2492.279858140449 8.19875 0.905804
2492.670155484949 8.25149 0.9075
2493.060452829451 7.90102 0.892361
2493.450750173953 8.68639 0.922002
2493.841047518454 8.18591 0.906476
2494.231344862956 8.75619 0.919989
2494.621642207458 9.10206 0.928974
2495.011939551959 7.82571 0.887697
2495.402236896461 8.09538 0.897061
2495.792534240962 8.44908 0.911795
2496.182831585464 9.21652 0.934543
2496.573128929965 8.88138 0.921062
2496.963426274466 9.26616 0.932938
2497.353723618968 8.8614 0.918773
2497.74402096347 8.26306 0.898229
2498.134318307971 7.06932 0.856275
2498.524615652473 7.64249 0.87337
2498.914912996975 8.24129 0.895885
2499.305210341477 8.43479 0.900868
2499.695507685978 10.0869 0.954307
2500.085805030479 9.3268 0.927939
2500.476102374981 9.52432 0.933697
2500.866399719482 9.13856 0.928131
2501.256697063984 8.77443 0.909702
2501.646994408485 9.95614 0.949717
2502.037291752987 10.2065 0.961004
2502.427589097488 8.72791 0.909396
2502.81788644199 9.10117 0.921851
2503.208183786492 8.93946 0.916689
2503.598481130993 9.33296 0.927417
2503.988778475494 8.38268 0.896339
2504.379075819996 8.73616 0.911378
2504.769373164498 10.2463 0.959227
2505.159670509 9.17877 0.924929
2505.549967853501 8.18482 0.890808
2505.940265198002 7.84975 0.881155
2506.330562542504 8.35227 0.895218
2506.720859887006 7.84971 0.879927
2507.111157231507 8.11463 0.890208
2507.501454576009 7.04552 0.848365
2507.89175192051 4.88398 0.76945
2508.282049265012 5.64349 0.79893
2508.672346609513 5.74348 0.806446
2509.062643954015 6.47496 0.829493
2509.452941298516 8.30275 0.890156
2509.843238643018 8.75809 0.907798
2510.233535987519 8.42039 0.896176
2510.623833332021 8.22978 0.892784
2511.014130676522 8.92459 0.914027
2511.404428021025 9.59313 0.933213
2511.794725365525 10.1924 0.951741
2512.185022710027 9.80119 0.938135
2512.575320054529 9.67853 0.938775
2512.96561739903 9.96932 0.948991
2513.355914743532 10.2883 0.957675
2513.746212088034 10.7983 0.971528
2514.136509432535 10.2226 0.949635
2514.526806777037 11.4691 0.989876
2514.917104121538 10.6425 0.968631
2515.30740146604 8.91818 0.914915
2515.697698810541 10.0266 0.951352
2516.087996155043 11.1304 0.979335
2516.478293499544 11.0443 0.974751
2516.868590844046 9.41651 0.926769
2517.258888188547 10.3104 0.953786
2517.649185533049 10.7049 0.964406
2518.039482877551 10.2399 0.950254
2518.429780222052 10.1051 0.950242
2518.820077566554 9.69249 0.936572
2519.210374911055 9.2964 0.91896
2519.600672255556 9.58024 0.931374
2519.990969600058 10.6722 0.966981
2520.38126694456 11.4223 0.989388
2520.771564289061 12.4173 1.02038
2521.161861633563 12.5608 1.02525
2521.552158978065 11.8746 1.00196
2521.942456322566 12.0195 1.0102
2522.332753667068 12.4492 1.02487
2522.72305101157 13.2975 1.04792
2523.113348356071 13.8945 1.06617
2523.503645700572 12.0136 1.00944
2523.893943045074 11.719 1.00089
2524.284240389575 12.5725 1.02675
2524.674537734076 11.2127 0.986191
2525.064835078578 12.3897 1.01946
2525.45513242308 13.6792 1.05723
2525.845429767582 12.5301 1.02659
2526.235727112083 13.2752 1.04329
2526.626024456585 14.2314 1.06932
2527.016321801086 14.4048 1.07766
2527.406619145588 14.4535 1.07998
2527.796916490089 13.4785 1.05228
2528.187213834591 14.4233 1.07695
2528.577511179092 15.227 1.10067
2528.967808523593 15.682 1.11063
2529.358105868096 15.7942 1.11845
2529.748403212597 15.2369 1.10669
2530.138700557099 14.3031 1.07646
2530.528997901601 15.1075 1.09782
2530.919295246102 16.7454 1.1396
2531.309592590604 16.2605 1.12381
2531.699889935105 14.8824 1.0936
2532.090187279606 16.4678 1.13716
2532.480484624108 17.3293 1.1516
2532.870781968609 17.0305 1.14216
2533.261079313111 14.7003 1.08404
2533.651376657612 15.3971 1.10316
2534.041674002114 16.3476 1.1284
2534.431971346616 17.4177 1.15145
2534.822268691117 16.9977 1.1419
2535.212566035619 16.9131 1.14252
2535.60286338012 17.5913 1.16071
2535.993160724622 17.4713 1.15913
2536.383458069124 17.4056 1.15594
2536.773755413625 17.5488 1.15724
2537.164052758126 17.9952 1.16874
2537.554350102628 18.7064 1.1911
2537.94464744713 18.4206 1.18277
2538.334944791631 17.7645 1.16296
2538.725242136133 18.0664 1.17111
2539.115539480634 18.9381 1.19626
2539.505836825136 19.6726 1.21576
2539.896134169637 17.9384 1.1737
2540.286431514139 15.7845 1.1137
2540.67672885864 16.1409 1.12093
2541.067026203142 17.8377 1.16661
2541.457323547643 17.7233 1.16337
2541.847620892145 18.1736 1.18081
2542.237918236647 18.9023 1.20054
2542.628215581148 18.8316 1.19471
2543.018512925649 17.5044 1.15753
2543.408810270151 18.7525 1.18991
2543.799107614653 17.9231 1.17358
2544.189404959155 15.0723 1.09924
2544.579702303655 13.0891 1.04185
2544.969999648158 14.6661 1.08485
2545.360296992659 15.9485 1.12098
2545.750594337161 16.3329 1.12995
2546.140891681662 15.7536 1.11911
2546.531189026164 15.6389 1.11832
2546.921486370665 16.6124 1.14223
2547.311783715167 18.169 1.18202
2547.702081059668 18.388 1.18347
2548.09237840417 20.1752 1.22677
2548.482675748671 19.1128 1.20686
2548.872973093173 19.4345 1.21462
2549.263270437675 20.2416 1.23399
2549.653567782176 21.0298 1.25503
2550.043865126678 20.3555 1.23531
2550.434162471179 20.6124 1.24193
2550.82445981568 18.7455 1.19938
2551.214757160182 17.7892 1.16985
2551.605054504684 18.0352 1.17555
2551.995351849185 16.8504 1.14828
2552.385649193687 15.5887 1.11296
2552.775946538189 14.0062 1.072
2553.16624388269 15.4955 1.10806
2553.556541227192 17.4616 1.1596
2553.946838571694 18.0912 1.18006
2554.337135916195 16.9784 1.15345
2554.727433260696 16.8054 1.148
2555.117730605198 16.4196 1.13655
2555.508027949699 15.8755 1.11666
2555.8983252942 15.7659 1.11824
2556.288622638702 15.2387 1.10882
2556.678919983204 15.5782 1.1155
2557.069217327706 17.0436 1.15249
2557.459514672207 17.155 1.15438
2557.849812016709 15.5174 1.11139
2558.240109361211 14.5428 1.08829
2558.630406705712 14.2367 1.08461
2559.020704050213 15.4892 1.11605
2559.411001394715 15.6627 1.11116
2559.801298739216 13.0637 1.03908
2560.191596083717 14.7866 1.09186
2560.581893428219 16.2055 1.13658
2560.972190772721 15.9776 1.1254
2561.362488117223 15.5979 1.11423
2561.752785461725 13.7832 1.06162
2562.143082806226 12.8947 1.03222
2562.533380150727 13.1272 1.04403
2562.923677495229 15.2603 1.1097
2563.313974839731 14.0946 1.07447
2563.704272184232 13.4566 1.0535
2564.094569528733 13.1865 1.04396
2564.484866873235 13.345 1.04806
2564.875164217736 13.3523 1.05458
2565.265461562238 12.4264 1.02577
2565.65575890674 14.0698 1.07549
2566.046056251241 14.6406 1.09449
2566.436353595743 15.338 1.11129
2566.826650940244 14.2311 1.07914
2567.216948284746 12.7258 1.03611
2567.607245629248 12.1758 1.02349
2567.997542973749 12.8797 1.04212
2568.387840318251 12.4919 1.02978
2568.778137662752 12.0993 1.0225
2569.168435007254 12.2193 1.02426
2569.558732351756 12.0737 1.02019
2569.949029696257 11.5154 1.00311
2570.339327040758 11.9348 1.01358
2570.72962438526 12.5957 1.03585
2571.119921729762 11.851 1.01255
2571.510219074263 11.8389 1.00907
2571.900516418764 12.7954 1.03982
2572.290813763266 11.7738 1.00771
2572.681111107767 11.8611 1.01395
2573.071408452269 12.0074 1.01605
2573.46170579677 10.7581 0.979224
2573.852003141273 10.7669 0.97973
2574.242300485774 12.6025 1.03286
2574.632597830275 11.7875 1.01186
2575.022895174777 10.9012 0.989612
2575.413192519278 11.9667 1.01861
2575.80348986378 12.4694 1.03377
2576.193787208282 11.8792 1.01389
2576.584084552783 10.7563 0.97901
2576.974381897285 9.24165 0.934872
2577.364679241786 9.77102 0.948306
2577.754976586287 11.0062 0.990032
2578.145273930789 11.5401 1.00362
2578.535571275291 11.3254 0.993807
2578.925868619792 13.0769 1.05113
2579.316165964294 12.4622 1.03753
2579.706463308795 12.2458 1.02694
2580.096760653297 12.4169 1.02717
2580.487057997799 12.0648 1.02048
2580.8773553423 11.4427 1.00021
2581.267652686802 11.9148 1.01307
2581.657950031303 11.8487 1.01457
2582.048247375804 11.9696 1.01718
2582.438544720306 11.5456 1.00148
2582.828842064808 9.13385 0.928149
2583.21913940931 9.73736 0.946681
2583.60943675381 11.277 0.997584
2583.999734098312 10.1534 0.960487
2584.390031442814 9.82061 0.94853
2584.780328787316 10.7471 0.981386
2585.170626131818 11.6984 1.01477
2585.560923476319 11.7262 1.01636
2585.95122082082 8.82407 0.91607
2586.341518165322 5.48003 0.797794
2586.731815509824 5.42647 0.79928
2587.122112854325 7.42714 0.869573
2587.512410198826 10.446 0.974028
2587.902707543328 11.5013 1.0072
2588.29300488783 10.9454 0.988964
2588.683302232331 10.4947 0.973987
2589.073599576833 10.6306 0.972288
2589.463896921335 10.6542 0.970075
2589.854194265836 12.3765 1.02812
2590.244491610337 12.0743 1.02041
2590.634788954839 12.3046 1.03102
2591.02508629934 12.8892 1.04688
2591.415383643842 12.7737 1.04022
2591.805680988344 11.0542 0.988694
2592.195978332845 11.183 0.993785
2592.586275677347 10.8368 0.985429
2592.976573021848 10.8338 0.984619
2593.36687036635 11.1153 0.991553
2593.757167710852 10.9434 0.986567
2594.147465055353 10.6962 0.977615
2594.537762399855 8.39306 0.908056
2594.928059744356 8.61648 0.91589
2595.318357088858 9.71034 0.948687
2595.708654433359 11.1229 0.990343
2596.09895177786 11.2922 1.00002
2596.489249122362 11.0115 0.990003
2596.879546466864 11.2014 0.996952
2597.269843811365 10.5552 0.977089
2597.660141155867 10.8321 0.98336
2598.050438500368 10.3771 0.970692
2598.44073584487 10.103 0.96421
2598.831033189371 10.6808 0.977506
2599.221330533873 8.56204 0.907812
2599.611627878374 5.71391 0.814272
2600.001925222876 6.56751 0.843312
2600.392222567378 6.65735 0.847449
2600.782519911879 7.54984 0.881145
2601.172817256381 8.81685 0.916629
2601.563114600882 9.84714 0.955025
2601.953411945384 9.7395 0.955525
2602.343709289886 9.69396 0.948322
2602.734006634387 10.7191 0.980734
2603.124303978889 11.7776 1.01155
2603.51460132339 12.1877 1.02419
2603.904898667891 11.2154 0.995699
2604.295196012393 10.8023 0.988831
2604.685493356895 9.48119 0.947326
2605.075790701396 9.53353 0.944047
2605.466088045897 9.74161 0.952136
2605.856385390399 9.04086 0.931988
2606.246682734901 8.57652 0.913467
2606.636980079403 7.82227 0.890145
2607.027277423904 8.0932 0.897712
2607.417574768405 10.9269 0.986868
2607.807872112907 9.72777 0.949829
2608.198169457409 8.75259 0.919547
2608.588466801911 9.32162 0.935972
2608.978764146412 9.60875 0.945648
2609.369061490913 9.96672 0.960661
2609.759358835415 10.0056 0.961226
2610.149656179916 9.40408 0.94386
2610.539953524418 9.00502 0.931265
2610.930250868919 7.84619 0.891015
2611.320548213421 8.30221 0.908399
2611.710845557923 9.4931 0.947973
2612.101142902424 9.1296 0.932184
2612.491440246926 9.04754 0.931997
2612.881737591427 8.03715 0.900404
2613.272034935929 9.05178 0.936408
2613.66233228043 9.82246 0.959299
2614.052629624932 9.73896 0.955002
2614.442926969433 8.73057 0.918082
2614.833224313935 7.36386 0.880554
2615.223521658437 8.55459 0.918921
2615.613819002939 8.64053 0.921546
2616.00411634744 8.12369 0.905635
2616.394413691942 7.95256 0.892753
2616.784711036443 8.33698 0.908999
2617.175008380944 8.98869 0.930932
2617.565305725446 9.0653 0.929696
2617.955603069947 9.58877 0.946468
2618.345900414449 8.67851 0.920026
2618.73619775895 8.30824 0.909634
2619.126495103452 8.80464 0.92645
2619.516792447955 8.51919 0.916863
2619.907089792455 8.08464 0.901185
2620.297387136957 7.27827 0.866868
2620.687684481458 8.12271 0.902774
2621.07798182596 7.70963 0.894604
2621.468279170461 8.06958 0.902849
2621.858576514963 8.61872 0.926152
2622.248873859464 8.77114 0.928392
2622.639171203965 9.08607 0.939236
2623.029468548467 8.7479 0.932307
2623.419765892969 7.92452 0.902924
2623.810063237471 7.64375 0.887608
2624.200360581973 8.36203 0.911251
2624.590657926474 7.59459 0.890224
2624.980955270975 7.90854 0.902616
2625.371252615477 7.81584 0.892695
2625.761549959979 7.21911 0.879202
2626.15184730448 6.89145 0.864254
2626.542144648981 7.8182 0.894283
2626.932441993483 7.77595 0.897983
2627.322739337985 6.79705 0.858211
2627.713036682486 6.76077 0.859184
2628.103334026988 7.17183 0.874625
2628.49363137149 8.11052 0.909069
2628.883928715991 8.15776 0.911684
2629.274226060492 7.61141 0.896473
2629.664523404994 7.57058 0.894123
2630.054820749496 7.49516 0.888045
2630.445118093997 7.97393 0.90549
2630.835415438498 7.88113 0.903542
2631.225712783 7.84051 0.90145
2631.616010127502 7.54958 0.894445
2632.006307472003 6.7695 0.871696
2632.396604816505 7.74051 0.903608
2632.786902161006 7.12584 0.881459
2633.177199505508 6.35961 0.85336
2633.56749685001 7.13844 0.882624
2633.957794194511 7.14193 0.881238
2634.348091539013 6.57612 0.858548
2634.738388883514 7.36261 0.88742
2635.128686228015 7.32351 0.883901
2635.518983572517 7.74438 0.900538
2635.909280917018 7.24154 0.884683
2636.29957826152 6.23349 0.848986
2636.689875606022 6.28879 0.848232
2637.080172950523 7.70252 0.897969
2637.470470295025 7.90773 0.903218
2637.860767639526 7.28095 0.885636
2638.251064984028 7.04839 0.877693
2638.64136232853 6.84246 0.874451
2639.031659673031 5.90251 0.834934
2639.421957017533 6.54833 0.854694
2639.812254362034 6.75455 0.873122
2640.202551706536 6.78535 0.871802
2640.592849051037 7.73777 0.901259
2640.983146395539 8.04278 0.911408
2641.373443740041 6.88354 0.868507
2641.763741084542 6.42828 0.854585
2642.154038429043 7.19781 0.884078
2642.544335773545 6.45681 0.857844
2642.934633118046 5.46831 0.819061
2643.324930462548 6.4477 0.856008
2643.71522780705 7.66608 0.900785
2644.105525151551 8.06225 0.912324
2644.495822496052 7.11078 0.880829
2644.886119840554 6.88892 0.872395
2645.276417185056 7.6374 0.896383
2645.666714529558 7.67757 0.900571
2646.057011874059 7.0689 0.884415
2646.44730921856 6.66343 0.865865
2646.837606563062 7.00049 0.874232
2647.227903907564 6.84204 0.870798
2647.618201252066 6.75668 0.86862
2648.008498596567 6.54271 0.861725
2648.398795941068 6.15881 0.846397
2648.78909328557 7.2212 0.883983
2649.179390630071 6.74375 0.868536
2649.569687974573 6.26842 0.854421
2649.959985319074 6.33915 0.854127
2650.350282663576 6.03406 0.843381
2650.740580008078 6.29981 0.856381
2651.130877352579 5.65583 0.830506
2651.521174697081 5.89003 0.839835
2651.911472041583 7.30483 0.891186
2652.301769386084 7.22235 0.889798
2652.692066730585 7.5318 0.903679
2653.082364075087 7.68966 0.906487
2653.472661419588 6.6927 0.866881
2653.86295876409 6.89522 0.871882
2654.253256108591 5.61464 0.828952
2654.643553453093 5.31161 0.820241
2655.033850797595 5.58639 0.829737
2655.424148142097 5.24955 0.816446
2655.814445486597 5.55365 0.828654
2656.2047428311 6.58358 0.865282
2656.595040175601 7.05011 0.884605
2656.985337520103 6.24871 0.856426
2657.375634864604 6.01048 0.844705
2657.765932209105 6.30327 0.856229
2658.156229553607 6.67789 0.871282
2658.546526898109 6.42813 0.861063
2658.93682424261 6.49065 0.862937
2659.327121587112 6.26427 0.854816
2659.717418931613 5.41686 0.824694
2660.107716276115 6.15851 0.854101
2660.498013620617 6.93184 0.883337
2660.888310965118 8.08826 0.925477
2661.27860830962 6.9325 0.884642
2661.668905654121 6.16093 0.853839
2662.059202998622 5.74921 0.834801
2662.449500343124 5.75955 0.842382
2662.839797687626 5.71033 0.839325
2663.230095032128 6.70374 0.872336
2663.620392376629 6.49204 0.864658
2664.01068972113 5.61665 0.832608
2664.400987065632 5.81609 0.837529
2664.791284410134 5.23452 0.818764
2665.181581754635 5.55972 0.832092
2665.571879099137 5.78334 0.839478
2665.962176443638 6.57045 0.86954
2666.352473788139 5.08524 0.812485
2666.742771132641 5.34053 0.828203
2667.133068477143 6.44453 0.870609
2667.523365821645 7.04949 0.893605
2667.913663166145 5.76098 0.84794
2668.303960510647 5.91018 0.850863
2668.694257855149 6.28976 0.864748
2669.084555199651 6.37769 0.867161
2669.474852544152 6.53249 0.874476
2669.865149888653 5.70432 0.842843
2670.255447233155 6.05963 0.854406
2670.645744577657 5.82614 0.848189
2671.036041922158 6.69369 0.882356
2671.42633926666 6.58798 0.873216
2671.816636611161 6.97515 0.891401
2672.206933955663 7.67553 0.917629
2672.597231300164 6.92688 0.888337
2672.987528644666 5.23689 0.825666
2673.377825989168 6.01477 0.85377
2673.768123333669 6.52274 0.875442
2674.158420678171 5.87191 0.850858
2674.548718022672 5.69925 0.844449
2674.939015367174 6.81967 0.88513
2675.329312711675 5.70296 0.840495
2675.719610056177 5.62629 0.842775
2676.109907400678 5.2436 0.828254
2676.50020474518 5.80546 0.848004
2676.890502089681 5.49249 0.839371
2677.280799434182 5.99447 0.854997
2677.671096778685 6.29696 0.869106
2678.061394123186 5.39962 0.836225
2678.451691467688 4.80833 0.806197
2678.84198881219 4.8387 0.811379
2679.232286156691 5.74289 0.850195
2679.622583501192 5.4453 0.836091
2680.012880845694 5.08204 0.824796
2680.403178190196 5.12486 0.824809
2680.793475534697 6.96111 0.889332
2681.183772879198 5.53708 0.834946
2681.5740702237 5.20394 0.828934
2681.964367568202 5.80466 0.850672
2682.354664912704 6.57413 0.881224
2682.744962257205 5.79521 0.852005
2683.135259601707 4.76279 0.81131
2683.525556946208 5.68247 0.848292
2683.915854290709 6.40641 0.875083
2684.306151635211 5.96889 0.856274
2684.696448979712 5.83662 0.852282
2685.086746324214 5.92149 0.857052
2685.477043668715 5.80383 0.854886
2685.867341013217 5.81843 0.854065
2686.257638357719 5.75533 0.851826
2686.647935702221 5.77129 0.853163
2687.038233046722 7.10224 0.901255
2687.428530391224 7.12232 0.904115
2687.818827735725 6.58552 0.885467
2688.209125080227 5.92532 0.858814
2688.599422424728 6.79512 0.889664
2688.989719769229 6.56545 0.883224
2689.380017113731 5.79116 0.851322
2689.770314458233 6.0532 0.865558
2690.160611802734 5.98579 0.864024
2690.550909147236 6.16092 0.868878
2690.941206491738 6.28209 0.874949
2691.33150383624 5.64369 0.850567
2691.72180118074 4.45337 0.805141
2692.112098525242 4.23346 0.795161
2692.502395869743 6.10068 0.867559
2692.892693214245 6.61254 0.887033
2693.282990558746 5.16824 0.836823
2693.673287903248 5.44001 0.847696
2694.06358524775 5.3885 0.843783
2694.453882592252 5.48281 0.850618
2694.844179936752 5.73804 0.858343
2695.234477281255 5.56253 0.847428
2695.624774625756 5.10336 0.831654
2696.015071970258 5.58746 0.853575
2696.405369314759 6.00132 0.868472
2696.79566665926 4.84699 0.824121
2697.185964003762 4.93088 0.827507
2697.576261348264 5.48111 0.848825
2697.966558692765 4.69633 0.819915
2698.356856037267 4.95845 0.831387
2698.747153381768 5.72271 0.863247
2699.13745072627 6.72729 0.89885
2699.527748070772 7.16978 0.915238
2699.918045415273 7.67996 0.931203
2700.308342759775 5.37029 0.845274
2700.698640104276 4.30163 0.806405
2701.088937448777 6.17675 0.878405
2701.479234793279 6.44873 0.892662
2701.869532137781 5.61815 0.859501
2702.259829482283 4.96546 0.8346
2702.650126826784 4.88887 0.834148
2703.040424171285 3.9797 0.796571
2703.430721515787 4.79652 0.827024
2703.821018860289 5.11857 0.840633
2704.21131620479 6.17877 0.884004
2704.601613549291 5.31114 0.852522
2704.991910893793 5.96926 0.873798
2705.382208238295 5.79305 0.875362
2705.772505582796 5.39208 0.858647
2706.162802927298 5.11971 0.843768
2706.5531002718 6.18156 0.8858
2706.9433976163 6.38701 0.891586
2707.333694960802 6.44532 0.89036
2707.723992305303 6.18989 0.884772
2708.114289649806 6.86127 0.91137
2708.504586994307 6.64719 0.904761
2708.894884338808 5.53301 0.861249
2709.28518168331 5.47914 0.856188
2709.675479027812 5.833 0.872592
2710.065776372314 5.60226 0.867384
2710.456073716815 4.82606 0.839792
2710.846371061316 5.29224 0.853779
2711.236668405818 5.95585 0.880615
2711.626965750319 5.94463 0.882407
2712.017263094821 6.07489 0.885049
2712.407560439323 5.42744 0.863008
2712.797857783824 5.1703 0.854033
2713.188155128326 5.96299 0.883572
2713.578452472827 5.74694 0.876555
2713.968749817329 4.93987 0.84485
2714.359047161831 5.48805 0.864192
2714.749344506332 5.07335 0.848063
2715.139641850833 5.44632 0.865079
2715.529939195335 5.89577 0.886473
2715.920236539836 5.33637 0.862473
2716.310533884337 5.26352 0.854044
2716.700831228839 6.41643 0.90593
2717.091128573341 5.82484 0.88353
2717.481425917843 5.32917 0.862984
2717.871723262345 4.6917 0.840213
2718.262020606846 4.95161 0.849969
2718.652317951347 4.35154 0.819292
2719.042615295849 5.04291 0.842399
2719.432912640351 6.39831 0.903043
2719.823209984852 5.55776 0.873522
2720.213507329353 4.7353 0.836282
2720.603804673855 5.87489 0.881086
2720.994102018357 6.32368 0.903238
2721.384399362859 5.35227 0.862096
2721.77469670736 6.36778 0.904014
2722.164994051862 6.29155 0.899953
2722.555291396363 5.8412 0.878828
2722.945588740864 6.25031 0.894735
2723.335886085366 4.66692 0.838205
2723.726183429868 4.99621 0.851781
2724.116480774369 5.51548 0.872725
2724.50677811887 5.06066 0.854511
2724.897075463372 5.79323 0.882729
2725.287372807874 7.1647 0.937179
2725.677670152376 6.44154 0.912938
2726.067967496877 6.89143 0.924626
2726.458264841379 7.28298 0.936067
2726.84856218588 6.68933 0.919566
2727.238859530382 5.75359 0.88301
2727.629156874883 6.30535 0.905936
2728.019454219385 6.5813 0.917179
2728.409751563886 7.18081 0.934669
2728.800048908388 6.32316 0.903104
2729.190346252889 5.44888 0.874091
2729.580643597391 6.17727 0.898977
2729.970940941893 6.2762 0.900324
2730.361238286394 5.35192 0.865036
2730.751535630895 4.87844 0.847052
2731.141832975397 6.12679 0.895993
2731.532130319898 6.78519 0.920949
2731.9224276644 5.59994 0.880805
2732.312725008902 5.69839 0.882949
2732.703022353403 5.8962 0.888519
2733.093319697905 5.47354 0.871427
2733.483617042406 6.16708 0.899999
2733.873914386907 6.71761 0.92542
2734.26421173141 4.99687 0.859756
2734.654509075911 5.39456 0.870257
2735.044806420413 6.32278 0.906372
2735.435103764914 5.14624 0.864728
2735.825401109415 5.54212 0.879085
2736.215698453918 5.69102 0.887694
2736.605995798419 6.03733 0.898991
2736.99629314292 6.98274 0.933441
2737.386590487422 6.1902 0.907304
2737.776887831923 6.40939 0.914937
2738.167185176424 6.03586 0.897356
2738.557482520927 7.0926 0.939604
2738.947779865428 6.35444 0.914521
2739.33807720993 4.68096 0.849641
2739.72837455443 5.41137 0.883943
2740.118671898932 5.2639 0.874041
2740.508969243434 7.77538 0.96931
2740.899266587936 7.80364 0.973046
2741.289563932438 6.39558 0.92136
2741.679861276939 6.49087 0.930541
2742.07015862144 6.36822 0.928213
2742.460455965942 7.21583 0.958857
2742.850753310444 7.31779 0.959547
2743.241050654945 7.23697 0.957206
2743.631347999446 6.3026 0.922411
2744.021645343948 5.44103 0.887875
2744.41194268845 5.56865 0.894431
2744.802240032951 5.80296 0.901793
2745.192537377453 6.74142 0.931544
2745.582834721955 6.58025 0.929238
2745.973132066456 5.94528 0.913026
2746.363429410957 5.6575 0.899024
2746.753726755459 5.4906 0.891499
2747.144024099961 6.18644 0.920738
2747.534321444462 5.06048 0.877789
2747.924618788963 5.85074 0.907583
2748.314916133465 6.11724 0.917183
2748.705213477967 5.83566 0.906688
2749.095510822469 5.91236 0.909219
2749.48580816697 4.75832 0.865359
2749.876105511472 5.5911 0.897401
2750.266402855973 6.70857 0.943217
2750.656700200475 6.08685 0.924377
2751.046997544976 6.27194 0.928212
2751.437294889478 4.97954 0.876727
2751.827592233979 5.66383 0.909173
2752.217889578481 5.83036 0.911582
2752.608186922982 6.15317 0.92372
2752.998484267484 5.73733 0.904957
2753.388781611985 4.6906 0.864169
2753.779078956488 4.6346 0.860844
2754.169376300989 5.09684 0.884517
2754.55967364549 4.89972 0.876957
2754.949970989992 5.70375 0.903354
2755.340268334493 7.72812 0.983433
2755.730565678994 7.08073 0.961195
2756.120863023496 6.35732 0.934101
2756.511160367998 6.28985 0.935388
2756.9014577125 6.33047 0.934501
2757.291755057001 5.09193 0.88643
2757.682052401502 5.06061 0.892826
2758.072349746004 5.34622 0.902571
2758.462647090506 5.78164 0.922413
2758.852944435007 6.25714 0.936061
2759.243241779509 6.3047 0.935514
2759.63353912401 5.41075 0.902073
2760.023836468512 5.09404 0.889606
2760.414133813013 5.57524 0.908267
2760.804431157515 4.65963 0.877056
2761.194728502017 4.27054 0.860136
2761.585025846518 5.52254 0.905299
2761.975323191019 6.85119 0.956757
2762.365620535521 5.74375 0.920191
2762.755917880023 4.44139 0.870235
2763.146215224525 5.57172 0.912775
2763.536512569025 6.16237 0.934217
2763.926809913527 5.2411 0.896966
2764.317107258029 4.55575 0.869194
2764.707404602531 4.80623 0.884054
2765.097701947032 5.36893 0.90804
2765.487999291533 5.75719 0.920213
2765.878296636035 4.87043 0.884562
2766.268593980537 4.78615 0.882887
2766.658891325038 5.82058 0.923827
2767.04918866954 5.66019 0.9214
2767.439486014041 4.89468 0.893651
2767.829783358543 5.034 0.894417
2768.220080703044 4.43176 0.869778
2768.610378047546 3.97955 0.856909
2769.000675392048 5.47676 0.912246
2769.390972736549 5.4573 0.913116
2769.78127008105 5.8172 0.931377
2770.171567425552 6.35315 0.947091
2770.561864770053 6.0865 0.942375
2770.952162114555 6.47396 0.958695
2771.342459459057 6.00873 0.937138
2771.732756803558 5.82083 0.92547
2772.12305414806 4.62357 0.880005
2772.513351492562 4.65223 0.883254
2772.903648837063 5.74541 0.928605
2773.293946181565 6.29444 0.947336
2773.684243526066 6.23084 0.944384
2774.074540870568 4.65066 0.882083
2774.464838215069 4.65234 0.882871
2774.85513555957 4.37173 0.873659
2775.245432904073 4.14787 0.869127
2775.635730248575 4.86739 0.896481
2776.026027593075 3.70825 0.842811
2776.416324937577 3.85362 0.857129
2776.806622282079 4.22115 0.876123
2777.19691962658 4.49 0.882564
2777.587216971081 4.57676 0.884429
2777.977514315583 4.5137 0.88256
2778.367811660085 5.35028 0.917341
2778.758109004585 5.76811 0.939319
2779.148406349087 5.2957 0.923298
2779.538703693589 5.59061 0.93092
2779.929001038091 5.33056 0.921458
2780.319298382593 5.55954 0.929298
2780.709595727094 5.55518 0.92829
2781.099893071596 4.9799 0.909588
2781.490190416097 4.9743 0.910672
2781.880487760599 4.44658 0.887547
2782.2707851051 4.2954 0.879686
2782.661082449601 4.3484 0.883517
2783.051379794103 4.47163 0.888059
2783.441677138605 4.62647 0.894272
2783.831974483106 5.92571 0.946565
2784.222271827608 4.73076 0.896721
2784.61256917211 4.48728 0.887255
2785.002866516611 4.8919 0.911983
2785.393163861112 5.54444 0.936561
2785.783461205614 5.51003 0.930898
2786.173758550116 4.56482 0.894782
2786.564055894617 5.4967 0.924202
2786.954353239118 5.61703 0.926014
2787.34465058362 6.11439 0.954881
2787.734947928122 6.00171 0.952739
2788.125245272624 5.6636 0.936137
2788.515542617125 5.34289 0.925177
2788.905839961627 5.3846 0.923594
2789.296137306128 4.35843 0.882901
2789.68643465063 5.14592 0.919423
2790.076731995131 4.80387 0.902455
2790.467029339633 5.97657 0.952305
2790.857326684134 6.41509 0.970704
2791.247624028636 6.19131 0.96053
2791.637921373137 5.76108 0.946212
2792.028218717639 5.01485 0.916088
2792.41851606214 4.63922 0.900224
2792.808813406642 4.19514 0.88229
2793.199110751144 5.1231 0.920208
2793.589408095645 4.45874 0.894581
2793.979705440147 4.12913 0.877659
2794.370002784648 5.04688 0.915175
2794.76030012915 4.90681 0.916572
2795.150597473651 4.85798 0.916623
2795.540894818153 3.92095 0.878569
2795.931192162654 3.25378 0.853414
2796.321489507156 3.27915 0.851553
2796.711786851657 3.86155 0.878632
2797.102084196159 4.06063 0.88836
2797.492381540661 5.28812 0.937903
2797.882678885162 5.56777 0.94625
2798.272976229664 6.08978 0.963331
2798.663273574165 5.63448 0.947303
2799.053570918667 5.6083 0.95127
2799.443868263168 5.08875 0.934888
2799.83416560767 5.91746 0.968627
2800.224462952172 4.92118 0.925975
2800.614760296673 4.25831 0.901229
2801.005057641174 5.17787 0.937702
2801.395354985676 4.76792 0.927869
2801.785652330178 5.46971 0.957069
2802.175949674679 5.14128 0.939256
2802.56624701918 3.94978 0.891592
2802.956544363682 2.42139 0.825888
2803.346841708184 2.17448 0.810884
2803.737139052686 1.28142 0.769936
2804.127436397187 2.41302 0.825628
2804.517733741688 3.49997 0.873723
2804.90803108619 4.09956 0.906827
2805.298328430691 4.44574 0.925789
2805.688625775193 4.33941 0.917502
2806.078923119695 4.53482 0.924856
2806.469220464196 4.49024 0.926403
2806.859517808698 5.07024 0.94574
2807.249815153199 5.69867 0.971689
2807.640112497701 5.07241 0.949823
2808.030409842203 4.79105 0.935563
2808.420707186704 4.25316 0.917692
2808.811004531205 4.19901 0.912563
2809.201301875707 4.14846 0.906571
2809.591599220208 4.91408 0.936885
2809.98189656471 6.49646 1.0005
2810.372193909212 6.33521 0.99604
2810.762491253713 6.42181 1.00204
2811.152788598215 5.02008 0.945125
2811.543085942717 5.99862 0.97881
2811.933383287218 6.22627 0.989818
2812.32368063172 6.28476 0.993381
2812.713977976221 6.57136 1.0006
2813.104275320723 6.42122 0.990695
2813.494572665224 5.25259 0.946342
2813.884870009725 5.87689 0.972588
2814.275167354227 5.71182 0.962559
2814.665464698729 5.31765 0.948274
2815.05576204323 5.43594 0.950567
2815.446059387732 5.53459 0.949341
2815.836356732233 5.98584 0.966121
2816.226654076735 6.2407 0.978745
2816.616951421237 5.4203 0.950026
2817.007248765738 6.48016 0.99212
2817.39754611024 6.59325 0.99567
2817.787843454741 6.62373 1.00992
2818.178140799242 6.34565 1.0455
2818.568438143744 4.62141 1.06007
2818.958735488246 4.49318 1.04992
2819.349032832748 5.14483 1.08479
2819.739330177249 5.09742 1.08424
2820.129627521751 5.14586 1.08461
2820.519924866252 4.90242 1.07719
2820.910222210754 5.33548 1.09097
2821.300519555255 4.67438 1.05949
2821.690816899757 5.27726 1.09225
2822.081114244258 4.51821 1.05695
2822.47141158876 4.90983 1.0741
2822.861708933261 3.99539 1.03384
2823.252006277763 4.38813 1.05289
2823.642303622265 5.24088 1.08742
2824.032600966766 3.61664 1.01734
2824.422898311267 4.78815 1.07478
2824.813195655769 4.78126 1.06611
2825.203493000271 5.31279 1.0897
2825.593790344773 4.93639 1.07898
2825.984087689274 4.8122 1.06717
2826.374385033775 4.74037 1.06415
2826.764682378277 6.723 1.15358
2827.154979722779 5.94842 1.1169
2827.54527706728 5.55214 1.10319
2827.935574411781 5.71911 1.10992
2828.325871756283 6.51935 1.13716
2828.716169100785 6.97041 1.15876
2829.106466445286 6.59488 1.13489
2829.496763789788 6.63093 1.13764
2829.887061134289 6.43634 1.12992
2830.277358478791 6.2319 1.12512
2830.667655823292 7.66038 1.17965
2831.057953167794 6.66982 1.12499
2831.448250512295 5.37366 1.07552
2831.838547856797 6.86125 1.14199
2832.228845201299 6.91099 1.13214
2832.6191425458 7.1389 1.14288
2833.009439890302 6.75726 1.12693
2833.399737234803 6.31981 1.10174
2833.790034579305 6.34498 1.09919
2834.180331923806 5.66031 1.06656
2834.570629268308 4.57305 1.03849
2834.96092661281 5.25073 1.13524
2835.351223957311 5.70987 1.33247
2835.741521301812 6.9059 1.39693
2836.131818646314 6.18502 1.34662
2836.522115990816 6.77355 1.37161
2836.912413335317 6.92094 1.37274
2837.302710679818 6.27665 1.344
2837.69300802432 5.07327 1.2638
2838.083305368822 5.15103 1.28007
2838.473602713323 4.74099 1.28239
2838.863900057825 3.98055 1.348
2839.254197402327 3.8068 1.66562
2839.644494746828 6.14417 1.82935
2840.034792091329 5.03239 1.73734
2840.425089435831 5.17597 1.75869
2840.815386780333 4.85393 1.74341
2841.205684124834 4.87048 1.74478
2841.595981469335 3.08781 1.60869
2841.986278813837 3.70376 1.66862
2842.376576158339 3.67348 1.66255
2842.766873502841 3.97088 1.68765
2843.157170847342 3.75988 1.68735
2843.547468191844 2.49712 1.56819
2843.937765536345 3.02155 1.60502
2844.328062880847 5.2742 1.77898
2844.718360225348 4.02074 1.66546
2845.10865756985 4.88395 1.72386
2845.498954914351 6.81963 1.87822
2845.889252258853 6.92322 1.87313
2846.279549603354 4.67563 1.7012
2846.669846947856 5.33152 1.75228
2847.060144292358 4.46539 1.68014
2847.45044163686 6.65767 1.82168
2847.84073898136 6.61433 1.82737
2848.231036325862 5.05933 1.72998
2848.621333670364 6.19222 1.78709
2849.011631014865 6.42668 1.80965
2849.401928359366 6.98613 1.84748
2849.792225703868 5.54001 1.72903
2850.18252304837 5.16892 1.69515
2850.572820392872 6.47583 1.78873
2850.963117737373 7.15647 1.8455
2851.353415081875 7.13911 1.83322
2851.743712426376 6.34611 1.77171
2852.134009770878 6.63988 1.77839
2852.524307115379 3.97938 1.56
2852.914604459881 3.00113 1.49358
2853.304901804382 3.11717 1.54099
2853.695199148884 4.31328 1.90774
2854.085496493385 2.63435 2.24889
2854.475793837887 3.4054 2.35798
2854.866091182388 6.26629 2.63565
2855.25638852689 3.80157 2.34919
2855.646685871392 4.74791 2.44289
2856.036983215893 5.49609 2.52718
2856.427280560395 6.85623 2.64436
2856.817577904896 7.42157 2.69918
2857.207875249397 6.34351 2.62033
2857.598172593899 6.53234 2.63065
2857.988469938401 5.53747 2.52341
2858.378767282903 3.82536 2.34582
2858.769064627404 6.00433 2.53646
2859.159361971906 6.44502 2.60368
2859.549659316407 6.73084 2.66556
2859.939956660909 4.34612 2.41674
2860.33025400541 3.69441 2.35016
2860.720551349912 6.38457 2.60497
2861.110848694413 3.43766 2.29076
2861.501146038915 4.94574 2.46397
2861.891443383416 6.33618 2.62168
2862.281740727918 9.63706 2.92881
2862.67203807242 6.05537 2.56969
2863.062335416921 6.75949 2.6685
2863.452632761422 5.88153 2.57528
2863.842930105924 7.8739 2.72385
2864.233227450426 7.40484 2.67518
2864.623524794927 8.8189 2.83565
2865.013822139429 8.26498 2.78798
2865.40411948393 6.14145 2.55227
2865.794416828432 4.87216 2.37659
2866.184714172934 6.73237 2.53886
2866.575011517435 6.80365 2.5318
2866.965308861936 5.87616 2.46837
2867.355606206438 6.08065 2.47545
2867.745903550939 7.3747 2.56875
2868.136200895441 9.49075 2.77287
2868.526498239943 7.78418 2.59276
2868.916795584444 7.10995 2.5117
2869.307092928946 10.7284 2.85847
2869.697390273447 6.88182 2.4488
2870.087687617949 10.2832 2.74725
2870.477984962451 10.7493 2.78625
2870.868282306952 7.87909 2.51243
2871.258579651454 8.53575 2.57695
2871.648876995955 7.79622 2.48925
2872.039174340457 8.53803 2.58342
2872.429471684957 9.0969 2.77739
2872.81976902946 9.08296 2.8312
2873.210066373961 0 0
2873.600363718463 0 0
2873.990661062965 0 0
2874.380958407466 0 0
2874.771255751967 0 0
2875.161553096469 0 0
2875.551850440971 0 0
2875.942147785472 0 0
2876.332445129973 0 0
2876.722742474475 0 0
2877.113039818977 0 0
2877.503337163478 0 0
2877.89363450798 0 0
2878.283931852482 0 0
2878.674229196983 0 0
2879.064526541485 0 0
2879.454823885986 0 0
2879.845121230488 0 0
2880.235418574989 0 0
2880.62571591949 0 0
2881.016013263992 0 0
2881.406310608494 0 0
2881.796607952996 0 0
2882.186905297497 0 0
2882.577202641999 0 0
2882.9674999865 0 0
2883.357797331002 0 0
2883.748094675503 0 0
2884.138392020005 0 0
2884.528689364506 0 0
2884.918986709008 0 0
2885.309284053509 0 0
2885.699581398011 0 0
2886.089878742513 0 0
2886.480176087015 0 0
2886.870473431515 0 0
2887.260770776017 0 0
2887.651068120518 0 0
2888.041365465021 0 0
2888.431662809522 0 0
2888.821960154023 0 0
2889.212257498525 0 0
2889.602554843027 0 0
2889.992852187528 0 0
2890.38314953203 0 0
2890.773446876531 0 0
2891.163744221033 0 0
2891.554041565534 0 0
2891.944338910036 0 0
2892.334636254538 0 0
2892.724933599039 0 0
2893.11523094354 0 0
2893.505528288042 0 0
2893.895825632543 0 0
2894.286122977045 0 0
2894.676420321547 0 0
2895.066717666048 0 0
2895.45701501055 0 0
2895.847312355051 0 0
2896.237609699552 0 0
2896.627907044054 0 0
2897.018204388556 0 0
2897.408501733058 0 0
2897.798799077559 0 0
2898.18909642206 0 0
2898.579393766562 0 0
2898.969691111064 0 0
2899.359988455565 0 0
2899.750285800066 0 0
2900.140583144568 0 0
2900.53088048907 0 0
2900.921177833571 0 0
2901.311475178073 0 0
2901.701772522575 0 0
2902.092069867076 0 0
2902.482367211577 0 0
2902.872664556079 0 0
