0.19
lambda flux err
2406.01240772697 0 0
2406.402695865563 0 0
2406.792984004157 0 0
2407.183272142751 0 0
2407.573560281344 0 0
2407.963848419938 0 0
2408.354136558531 0 0
2408.744424697125 0 0
2409.134712835718 0 0
2409.525000974312 0 0
2409.915289112906 0 0
2410.3055772515 0 0
2410.695865390093 0 0
2411.086153528687 0 0
2411.47644166728 0 0
2411.866729805874 0 0
2412.257017944468 0 0
2412.647306083062 0 0
2413.037594221655 0 0
2413.427882360249 0 0
2413.818170498842 0 0
2414.208458637436 0 0
2414.59874677603 0 0
2414.989034914624 0 0
2415.379323053217 0 0
2415.769611191811 0 0
2416.159899330405 0 0
2416.550187468998 0 0
2416.940475607592 0 0
2417.330763746185 0 0
2417.721051884779 0 0
2418.111340023373 0 0
2418.501628161967 0 0
2418.89191630056 0 0
2419.282204439154 0 0
2419.672492577748 0 0
2420.062780716341 0 0
2420.453068854935 0 0
2420.843356993529 0 0
2421.233645132122 0 0
2421.623933270715 0 0
2422.014221409309 0 0
2422.404509547904 0 0
2422.794797686497 0 0
2423.18508582509 0 0
2423.575373963684 0 0
2423.965662102278 0 0
2424.355950240871 0 0
2424.746238379465 0 0
2425.136526518059 0 0
2425.526814656652 0 0
2425.917102795246 0 0
2426.30739093384 0 0
2426.697679072434 0 0
2427.087967211027 0 0
2427.478255349621 0 0
2427.868543488215 0 0
2428.258831626808 0 0
2428.649119765402 0 0
2429.039407903995 0 0
2429.429696042589 0 0
2429.819984181182 0 0
2430.210272319776 0 0
2430.60056045837 0 0
2430.990848596964 0 0
2431.381136735558 0 0
2431.771424874151 0 0
2432.161713012745 0 0
2432.552001151339 0 0
2432.942289289932 0 0
2433.332577428526 0 0
2433.722865567119 0 0
2434.113153705713 0 0
2434.503441844307 0 0
2434.8937299829 0 0
2435.284018121494 0 0
2435.674306260088 0 0
2436.064594398681 0 0
2436.454882537275 0 0
2436.845170675868 0 0
2437.235458814462 0 0
2437.625746953056 0 0
2438.016035091649 0 0
2438.406323230243 0 0
2438.796611368837 0 0
2439.186899507431 0 0
2439.577187646024 0 0
2439.967475784618 0 0
2440.357763923212 0 0
2440.748052061805 0 0
2441.138340200399 3.8411 1.60978
2441.528628338992 7.55565 2.11355
2441.918916477586 9.41546 2.48205
2442.309204616179 7.87846 2.32229
2442.699492754774 9.00057 2.45573
2443.089780893367 11.1417 2.6497
2443.480069031961 13.6882 2.86526
2443.870357170555 11.4276 2.71495
2444.260645309148 9.02767 2.48063
2444.650933447742 8.43523 2.47551
2445.041221586335 7.36821 2.38526
2445.431509724929 5.68713 2.21978
2445.821797863522 6.38929 2.31581
2446.212086002117 8.63792 2.53753
2446.60237414071 9.40549 2.59907
2446.992662279304 10.8533 2.73009
2447.382950417897 10.1644 2.69143
2447.773238556491 11.5237 2.79303
2448.163526695085 10.194 2.66734
2448.553814833678 3.36739 2.10079
2448.944102972272 4.83898 2.24767
2449.334391110866 9.45049 2.67027
2449.724679249459 10.2169 2.72694
2450.114967388053 9.44152 2.67608
2450.505255526647 8.20039 2.58935
2450.895543665241 6.53061 2.46607
2451.285831803834 4.45071 2.30044
2451.676119942428 6.91415 2.511
2452.066408081021 9.22615 2.67673
2452.456696219615 8.75078 2.63242
2452.846984358209 7.02212 2.50467
2453.237272496802 7.01215 2.47402
2453.627560635396 6.84494 2.48826
2454.017848773989 5.48423 2.41082
2454.408136912583 5.82224 2.38485
2454.798425051177 6.25959 2.41921
2455.188713189771 5.69166 2.33112
2455.579001328364 5.84181 2.3727
2455.969289466958 8.31188 2.61048
2456.359577605552 8.78615 2.62404
2456.749865744145 5.49308 2.35559
2457.140153882739 7.43137 2.50483
2457.530442021333 6.89498 2.46674
2457.920730159926 6.32736 2.39598
2458.31101829852 7.30033 2.51175
2458.701306437114 7.57311 2.50423
2459.091594575707 8.23634 2.52343
2459.481882714301 7.77922 2.53654
2459.872170852895 8.28499 2.59523
2460.262458991488 8.02833 2.54223
2460.652747130082 5.7002 1.6807
2461.043035268676 5.63301 1.19609
2461.433323407269 8.51075 1.41984
2461.823611545863 10.1401 1.51515
2462.213899684456 10.0182 1.50474
2462.60418782305 10.3724 1.53818
2462.994475961644 8.79182 1.43385
2463.384764100238 9.71387 1.51465
2463.775052238831 8.34487 1.43279
2464.165340377425 9.26625 1.49922
2464.555628516018 8.26643 1.31028
2464.945916654612 7.88039 1.26492
2465.336204793206 8.65567 1.31239
2465.7264929318 9.26784 1.34593
2466.116781070393 9.56232 1.35627
2466.507069208987 8.46923 1.32223
2466.89735734758 7.65984 1.28837
2467.287645486174 7.309 1.26928
2467.677933624768 7.03217 1.25412
2468.068221763361 7.83942 1.29201
2468.458509901955 7.85805 1.2899
2468.848798040549 6.5934 1.24358
2469.239086179143 6.93545 1.25657
2469.629374317736 5.97441 1.22322
2470.01966245633 6.05389 1.22408
2470.409950594923 7.38398 1.29494
2470.800238733517 8.17997 1.33511
2471.190526872111 7.40297 1.30507
2471.580815010704 6.6563 1.26929
2471.971103149298 6.55678 1.26435
2472.361391287892 6.73879 1.27397
2472.751679426485 6.95664 1.27813
2473.141967565079 6.38993 1.239
2473.532255703673 6.17754 1.2565
2473.922543842266 6.94174 1.28142
2474.31283198086 7.75531 1.30905
2474.703120119454 7.35634 1.27983
2475.093408258048 7.14392 1.26899
2475.483696396641 7.39054 1.29774
2475.873984535235 7.89657 1.3115
2476.264272673828 6.53647 1.25099
2476.654560812422 5.17031 1.18691
2477.044848951015 6.57067 1.2499
2477.435137089609 8.68717 1.32596
2477.825425228203 7.1471 1.27885
2478.215713366797 7.22571 1.27314
2478.60600150539 6.83114 1.24338
2478.996289643984 5.58228 1.20242
2479.386577782578 5.03895 1.18753
2479.776865921171 4.83408 1.1617
2480.167154059765 6.27019 1.2221
2480.557442198358 8.26702 1.1787
2480.947730336952 7.09258 1.08824
2481.338018475546 8.0407 1.08841
2481.728306614139 8.00746 1.01572
2482.118594752733 7.88051 1.02744
2482.508882891326 8.6117 1.04881
2482.899171029921 8.24576 1.04184
2483.289459168514 8.06453 1.04412
2483.679747307108 8.81962 1.0676
2484.070035445702 7.86446 1.04538
2484.460323584295 8.23117 1.04033
2484.850611722889 6.03488 0.970529
2485.240899861482 6.57909 0.992221
2485.631188000076 7.21483 1.00402
2486.02147613867 7.37583 1.02309
2486.411764277263 6.28305 0.988004
2486.802052415857 6.76662 1.008
2487.192340554451 7.89494 1.04316
2487.582628693045 7.25657 1.02016
2487.972916831638 6.9892 1.00258
2488.363204970232 7.03442 1.01359
2488.753493108825 6.91618 1.00222
2489.143781247419 6.69044 1.00465
2489.534069386013 6.70923 1.00588
2489.924357524607 6.38269 0.994786
2490.3146456632 6.27869 1.00056
2490.704933801793 6.09079 0.994806
2491.095221940388 7.47443 1.03884
2491.485510078981 6.79822 1.01156
2491.875798217575 6.15479 0.98901
2492.266086356168 5.9205 0.981821
2492.656374494762 6.59833 1.00072
2493.046662633355 6.46244 1.00354
2493.436950771949 6.4689 0.997072
2493.827238910543 6.36303 0.990417
2494.217527049137 6.33087 0.992019
2494.607815187731 7.88669 1.04201
2494.998103326324 7.6479 1.02856
2495.388391464918 5.58771 0.956548
2495.778679603511 5.39658 0.952078
2496.168967742105 5.64701 0.963837
2496.559255880698 5.48752 0.948641
2496.949544019292 5.49237 0.950758
2497.339832157886 5.01598 0.92813
2497.73012029648 5.65111 0.959394
2498.120408435073 7.0976 1.00267
2498.510696573667 6.18812 0.97749
2498.900984712261 5.66146 0.957439
2499.291272850854 5.91226 0.960875
2499.681560989448 6.55004 0.978981
2500.071849128042 6.17519 0.974964
2500.462137266635 5.88479 0.967765
2500.852425405229 6.29677 0.902328
2501.242713543822 5.78694 0.87491
2501.633001682416 7.31167 0.931531
2502.02328982101 7.11946 0.919278
2502.413577959604 5.39668 0.861154
2502.803866098197 6.90551 0.916092
2503.194154236791 7.05281 0.922256
2503.584442375385 6.1691 0.896498
2503.974730513978 6.52425 0.900664
2504.365018652572 5.92514 0.881539
2504.755306791165 5.62944 0.871089
2505.14559492976 6.47065 0.89174
2505.535883068352 6.08778 0.890448
2505.926171206946 5.6596 0.878688
2506.31645934554 6.70953 0.906969
2506.706747484134 6.26139 0.892964
2507.097035622727 6.50974 0.901298
2507.487323761321 6.52703 0.902211
2507.877611899915 6.24474 0.890517
2508.267900038508 5.22416 0.860529
2508.658188177102 6.33335 0.893211
2509.048476315696 5.84721 0.882716
2509.438764454289 6.26465 0.890666
2509.829052592884 6.74231 0.911435
2510.219340731477 5.8668 0.881556
2510.60962887007 5.24661 0.863034
2510.999917008664 6.70241 0.909617
2511.390205147258 6.7685 0.903319
2511.780493285851 6.0022 0.879131
2512.170781424445 6.17073 0.880819
2512.561069563039 5.14605 0.854875
2512.951357701632 6.34514 0.889961
2513.341645840226 6.35531 0.894317
2513.731933978819 6.53091 0.895241
2514.122222117414 6.2342 0.884272
2514.512510256007 6.62162 0.893013
2514.9027983946 6.14963 0.873845
2515.293086533195 6.32884 0.888433
2515.683374671788 5.40219 0.856457
2516.073662810382 7.01316 0.901408
2516.463950948976 6.8132 0.895644
2516.854239087569 6.22702 0.87271
2517.244527226162 5.34432 0.84591
2517.634815364757 7.44367 0.914941
2518.02510350335 6.85223 0.895134
2518.415391641944 6.15319 0.872393
2518.805679780538 6.94129 0.901117
2519.195967919131 6.83958 0.890427
2519.586256057725 6.37056 0.876108
2519.976544196319 6.63296 0.887681
2520.366832334912 6.21541 0.869534
2520.757120473506 6.88647 0.891959
2521.147408612099 5.29205 0.845401
2521.537696750693 5.74365 0.85163
2521.927984889286 5.61049 0.851762
2522.31827302788 4.67918 0.819923
2522.708561166474 5.42302 0.842765
2523.098849305068 6.21229 0.865779
2523.489137443661 5.77887 0.858133
2523.879425582255 5.54756 0.848301
2524.269713720849 5.91767 0.862516
2524.660001859442 6.89112 0.882638
2525.050289998036 6.85472 0.883943
2525.44057813663 6.37469 0.873252
2525.830866275224 5.77848 0.851086
2526.221154413817 5.96628 0.861734
2526.611442552411 5.89773 0.860682
2527.001730691004 6.97786 0.887928
2527.392018829598 6.76342 0.878402
2527.782306968192 7.27558 0.901445
2528.172595106785 5.84157 0.853006
2528.562883245379 5.86098 0.848792
2528.953171383973 6.03326 0.857726
2529.343459522566 6.28626 0.868745
2529.733747661159 6.68977 0.87641
2530.124035799753 5.8184 0.848671
2530.514323938347 6.03675 0.852129
2530.904612076941 6.18667 0.860629
2531.294900215534 4.95036 0.822777
2531.685188354128 6.33916 0.856698
2532.075476492722 5.86081 0.850472
2532.465764631315 5.52659 0.840142
2532.856052769909 7.45172 0.89535
2533.246340908503 7.65751 0.908411
2533.636629047097 7.17265 0.888224
2534.026917185689 5.63607 0.839971
2534.417205324284 5.76839 0.841393
2534.807493462877 6.78663 0.874467
2535.197781601471 7.62908 0.904431
2535.588069740065 6.13366 0.853885
2535.978357878658 5.80796 0.846189
2536.368646017252 6.40946 0.865873
2536.758934155846 5.35804 0.828734
2537.149222294439 6.23889 0.857241
2537.539510433033 6.63018 0.868409
2537.929798571627 6.26835 0.858926
2538.320086710221 5.9761 0.84944
2538.710374848814 5.22705 0.822553
2539.100662987407 5.26817 0.828209
2539.490951126001 6.08212 0.855485
2539.881239264595 5.33489 0.826041
2540.271527403189 6.09901 0.861674
2540.661815541783 6.85456 0.883232
2541.052103680376 7.01826 0.882247
2541.442391818969 6.28697 0.861059
2541.832679957564 7.03946 0.884744
2542.222968096157 6.48288 0.867171
2542.613256234751 6.11754 0.854359
2543.003544373345 6.81083 0.881594
2543.393832511938 6.40549 0.86143
2543.784120650532 6.5709 0.872156
2544.174408789125 6.55871 0.871575
2544.564696927719 6.5263 0.863672
2544.954985066313 6.44502 0.861377
2545.345273204906 6.4629 0.86335
2545.7355613435 7.1919 0.887682
2546.125849482094 5.8922 0.850943
2546.516137620687 4.84115 0.814612
2546.906425759281 6.21884 0.857245
2547.296713897875 4.95781 0.818518
2547.687002036468 5.04201 0.822829
2548.077290175062 6.24938 0.8593
2548.467578313656 6.10773 0.860203
2548.857866452249 6.55198 0.869376
2549.248154590843 6.94434 0.882102
2549.638442729437 6.88649 0.879194
2550.028730868031 6.25721 0.862793
2550.419019006623 5.42616 0.839527
2550.809307145218 5.608 0.842265
2551.199595283811 5.3633 0.831845
2551.589883422405 5.7214 0.842418
2551.980171560998 7.2914 0.892413
2552.370459699592 6.07881 0.853141
2552.760747838186 6.32413 0.866794
2553.15103597678 6.48463 0.872788
2553.541324115373 7.14937 0.892079
2553.931612253967 6.58356 0.873709
2554.321900392561 7.01412 0.886196
2554.712188531154 5.84034 0.847506
2555.102476669748 6.73001 0.876419
2555.492764808341 7.9851 0.916446
2555.883052946935 7.35763 0.902488
2556.273341085529 6.90899 0.881142
2556.663629224122 6.39033 0.867892
2557.053917362716 6.68936 0.876328
2557.44420550131 6.80074 0.8794
2557.834493639903 7.15704 0.889234
2558.224781778496 8.09045 0.919469
2558.615069917091 7.03738 0.890201
2559.005358055684 6.26315 0.869979
2559.395646194278 5.48901 0.837104
2559.785934332872 6.20158 0.865619
2560.176222471465 7.1062 0.899214
2560.56651061006 6.37181 0.86367
2560.956798748653 5.88309 0.855481
2561.347086887246 5.90585 0.854638
2561.73737502584 6.47761 0.87228
2562.127663164434 6.05648 0.859305
2562.517951303028 6.36597 0.870236
2562.908239441621 6.07299 0.857961
2563.298527580215 5.61502 0.843372
2563.688815718808 5.64636 0.847237
2564.079103857402 6.29118 0.858617
2564.469391995995 6.69747 0.880259
2564.85968013459 6.59448 0.871526
2565.249968273183 5.46941 0.842626
2565.640256411776 6.69907 0.886347
2566.030544550371 7.01448 0.888044
2566.420832688964 5.63636 0.846283
2566.811120827558 6.93228 0.888306
2567.201408966152 6.55476 0.873125
2567.591697104745 5.3399 0.833597
2567.981985243338 5.17221 0.833044
2568.372273381932 5.56775 0.839498
2568.762561520527 6.86054 0.88589
2569.15284965912 7.05401 0.887532
2569.543137797713 6.07787 0.85821
2569.933425936307 5.80729 0.851424
2570.323714074901 5.67147 0.848296
2570.714002213494 6.20277 0.864543
2571.104290352088 6.8593 0.885609
2571.494578490682 6.4625 0.866982
2571.884866629275 6.11314 0.859031
2572.275154767869 6.10368 0.859324
2572.665442906463 5.97279 0.856143
2573.055731045056 6.13481 0.862639
2573.44601918365 5.72797 0.848954
2573.836307322243 5.54874 0.843991
2574.226595460837 6.27966 0.86514
2574.616883599431 5.13834 0.823197
2575.007171738025 5.66537 0.842675
2575.397459876618 6.29101 0.868399
2575.787748015212 4.92791 0.822671
2576.178036153805 4.9801 0.822311
2576.568324292399 4.62106 0.815198
2576.958612430993 5.88657 0.851255
2577.348900569587 7.47836 0.900494
2577.73918870818 6.02712 0.857292
2578.129476846774 6.20399 0.863535
2578.519764985368 5.71158 0.848093
2578.910053123961 5.5141 0.841892
2579.300341262555 6.38001 0.871531
2579.690629401149 6.60484 0.880353
2580.080917539742 6.75324 0.880015
2580.471205678335 6.52273 0.86995
2580.861493816929 6.57446 0.879285
2581.251781955524 6.84578 0.884652
2581.642070094117 6.59524 0.879667
2582.03235823271 6.49024 0.878229
2582.422646371304 6.46546 0.874792
2582.812934509898 6.71858 0.87609
2583.203222648491 6.14524 0.868824
2583.593510787085 6.7403 0.876919
2583.983798925679 6.19726 0.861647
2584.374087064272 5.36016 0.835824
2584.764375202866 5.64936 0.841362
2585.15466334146 5.91896 0.86201
2585.544951480053 3.78373 0.780951
2585.935239618647 3.12845 0.756411
2586.325527757241 3.63253 0.776871
2586.715815895834 4.50629 0.81187
2587.106104034428 6.15858 0.859989
2587.496392173022 6.09207 0.860071
2587.886680311615 5.62643 0.841464
2588.276968450209 7.53134 0.905914
2588.667256588803 7.3522 0.900124
2589.057544727397 6.3481 0.864248
2589.44783286599 6.46263 0.875933
2589.838121004583 6.83895 0.879375
2590.228409143177 6.77505 0.886502
2590.618697281771 5.88063 0.85526
2591.008985420365 6.4407 0.86799
2591.399273558958 6.59736 0.875243
2591.789561697552 5.86501 0.849508
2592.179849836145 5.26172 0.835231
2592.570137974739 7.58813 0.906776
2592.960426113333 6.42629 0.876464
2593.350714251927 4.41068 0.805591
2593.741002390521 4.81546 0.818606
2594.131290529114 6.94273 0.884718
2594.521578667708 6.79779 0.879478
2594.911866806301 6.43272 0.87041
2595.302154944895 6.96229 0.888816
2595.692443083489 6.70002 0.881476
2596.082731222082 6.66576 0.884626
2596.473019360676 6.42758 0.870189
2596.863307499269 6.224 0.864727
2597.253595637864 6.85236 0.883941
2597.643883776457 5.54463 0.839226
2598.03417191505 5.52825 0.837766
2598.424460053644 5.16124 0.833977
2598.814748192238 4.09356 0.794217
2599.205036330831 3.42294 0.772894
2599.595324469425 2.72953 0.744791
2599.985612608019 3.77815 0.77602
2600.375900746612 5.35838 0.835074
2600.766188885206 5.48335 0.834738
2601.1564770238 5.88638 0.851858
2601.546765162394 5.48147 0.837166
2601.937053300987 5.86226 0.849486
2602.32734143958 6.76642 0.878608
2602.717629578175 6.07252 0.861472
2603.107917716768 6.86338 0.888827
2603.498205855362 6.45359 0.868097
2603.888493993956 6.07226 0.860292
2604.278782132549 6.29744 0.866623
2604.669070271142 5.19256 0.837133
2605.059358409737 6.68089 0.880083
2605.44964654833 6.51605 0.87511
2605.839934686924 6.27652 0.875547
2606.230222825517 5.47558 0.847294
2606.620510964111 4.68664 0.821367
2607.010799102705 5.52271 0.844102
2607.401087241298 6.64921 0.88324
2607.791375379892 6.05449 0.862067
2608.181663518486 5.77845 0.857846
2608.571951657079 5.40653 0.83959
2608.962239795672 6.28929 0.869953
2609.352527934267 6.26112 0.866622
2609.742816072861 5.7687 0.859728
2610.133104211454 5.62849 0.855209
2610.523392350047 5.56711 0.847507
2610.913680488641 7.106 0.901919
2611.303968627236 5.77234 0.853655
2611.694256765828 4.97165 0.832144
2612.084544904422 6.25445 0.875863
2612.474833043016 6.92513 0.894726
2612.86512118161 6.22003 0.872331
2613.255409320203 5.89086 0.865619
2613.645697458797 5.91722 0.862666
2614.035985597391 6.34805 0.875033
2614.426273735984 7.02374 0.900008
2614.816561874578 5.68918 0.851954
2615.206850013172 6.45789 0.884907
2615.597138151765 6.88873 0.897912
2615.987426290359 5.86939 0.862034
2616.377714428952 6.26432 0.871844
2616.768002567546 5.29505 0.84635
2617.15829070614 6.23442 0.868865
2617.548578844734 7.11618 0.89974
2617.938866983327 6.34133 0.879455
2618.329155121921 5.19958 0.836647
2618.719443260514 5.95201 0.867509
2619.109731399109 5.09383 0.835382
2619.500019537702 5.60436 0.852242
2619.890307676295 6.44935 0.884553
2620.280595814889 6.09749 0.872317
2620.670883953483 5.07476 0.836353
2621.061172092076 5.66248 0.864056
2621.45146023067 5.31841 0.84631
2621.841748369264 6.49943 0.891149
2622.232036507858 5.55724 0.859596
2622.622324646451 4.9967 0.84476
2623.012612785045 5.69632 0.862313
2623.402900923638 5.92252 0.873674
2623.793189062232 6.46856 0.891543
2624.183477200826 5.81596 0.867113
2624.573765339419 6.8012 0.895755
2624.964053478013 7.0512 0.907637
2625.354341616606 7.29182 0.918358
2625.744629755201 6.05802 0.871926
2626.134917893794 6.33376 0.884646
2626.525206032387 7.36052 0.911295
2626.915494170982 6.80076 0.892403
2627.305782309575 5.73864 0.862658
2627.696070448169 6.21714 0.880751
2628.086358586762 6.75439 0.89685
2628.476646725356 7.07719 0.902233
2628.866934863949 7.09243 0.904794
2629.257223002544 6.72392 0.88951
2629.647511141137 5.10778 0.844173
2630.037799279731 5.70115 0.858974
2630.428087418325 5.89712 0.868742
2630.818375556918 5.13024 0.847793
2631.208663695512 5.17692 0.846018
2631.598951834105 5.99534 0.879114
2631.989239972699 5.67752 0.861252
2632.379528111293 7.42496 0.919863
2632.769816249886 7.37077 0.918575
2633.16010438848 7.82417 0.938931
2633.550392527074 8.16042 0.940659
2633.940680665667 7.12277 0.913371
2634.330968804261 7.63502 0.927312
2634.721256942855 7.08703 0.912905
2635.111545081448 6.47614 0.898731
2635.501833220043 6.60083 0.896265
2635.892121358635 7.03545 0.909273
2636.282409497229 7.58047 0.929061
2636.672697635823 7.71529 0.929307
2637.062985774417 5.96501 0.87199
2637.45327391301 6.67544 0.898741
2637.843562051604 7.58815 0.9199
2638.233850190198 6.69033 0.903658
2638.624138328791 6.85265 0.906777
2639.014426467384 7.03854 0.902086
2639.404714605979 6.52571 0.894377
2639.795002744573 6.50514 0.889555
2640.185290883166 7.08267 0.912682
2640.575579021759 8.27893 0.953908
2640.965867160353 7.32398 0.919691
2641.356155298947 5.95374 0.877293
2641.74644343754 6.93426 0.910421
2642.136731576134 5.44135 0.859307
2642.527019714728 6.31112 0.892519
2642.917307853321 6.97803 0.916438
2643.307595991916 6.90531 0.915271
2643.697884130509 7.10026 0.91604
2644.088172269102 7.37703 0.925525
2644.478460407697 6.65502 0.903135
2644.86874854629 7.02095 0.915676
2645.259036684883 6.59696 0.905213
2645.649324823477 5.99577 0.881978
2646.039612962071 6.63747 0.905492
2646.429901100664 5.92783 0.88085
2646.820189239258 6.12301 0.882478
2647.210477377852 6.62132 0.898668
2647.600765516446 8.19199 0.952704
2647.991053655039 6.55582 0.894853
2648.381341793633 5.66873 0.871825
2648.771629932226 7.05402 0.915931
2649.16191807082 7.15849 0.918384
2649.552206209414 6.69892 0.90119
2649.942494348007 6.09237 0.883812
2650.332782486601 6.62549 0.908667
2650.723070625195 7.13335 0.918189
2651.113358763788 6.04683 0.886994
2651.503646902382 6.32489 0.897733
2651.893935040975 6.08727 0.887456
2652.28422317957 6.21497 0.893166
2652.674511318163 6.68142 0.912841
2653.064799456756 6.1918 0.892325
2653.455087595351 6.97437 0.917575
2653.845375733944 7.06869 0.924443
2654.235663872538 5.93246 0.882734
2654.625952011132 6.73998 0.911412
2655.016240149725 6.07572 0.889679
2655.406528288319 6.8523 0.91408
2655.796816426913 7.63602 0.940605
2656.187104565506 7.31032 0.93422
2656.577392704099 6.88869 0.913784
2656.967680842693 5.89077 0.883476
2657.357968981287 6.33186 0.891574
2657.748257119881 7.7947 0.937397
2658.138545258474 7.01169 0.920244
2658.528833397068 6.94716 0.913163
2658.919121535662 5.86251 0.882877
2659.309409674255 6.29117 0.897669
2659.69969781285 5.76829 0.880413
2660.089985951443 5.11529 0.856508
2660.480274090036 5.34368 0.86313
2660.87056222863 7.54217 0.937749
2661.260850367224 6.64451 0.911025
2661.651138505817 6.58867 0.910902
2662.041426644411 6.94511 0.923105
2662.431714783005 6.73221 0.912094
2662.822002921598 5.89196 0.888298
2663.212291060192 6.35385 0.904005
2663.602579198786 6.80157 0.916963
2663.99286733738 7.35524 0.934745
2664.383155475972 6.5503 0.906189
2664.773443614567 6.99748 0.922666
2665.163731753161 6.18135 0.909225
2665.554019891754 6.51557 0.914352
2665.944308030347 6.87164 0.919681
2666.334596168941 5.826 0.887803
2666.724884307535 5.89833 0.888904
2667.115172446128 6.06131 0.897695
2667.505460584722 6.29987 0.902977
2667.895748723316 5.17346 0.866634
2668.28603686191 6.27683 0.900204
2668.676325000504 6.27824 0.905044
2669.066613139097 5.46665 0.878865
2669.45690127769 6.89486 0.920163
2669.847189416284 6.31 0.910953
2670.237477554878 5.624 0.88424
2670.627765693471 6.62059 0.914319
2671.018053832065 6.52833 0.917868
2671.408341970659 6.94923 0.923541
2671.798630109253 5.99075 0.896812
2672.188918247846 5.77748 0.888802
2672.57920638644 6.39302 0.910225
2672.969494525034 6.14998 0.903207
2673.359782663627 6.31726 0.910111
2673.750070802221 6.09719 0.899019
2674.140358940814 7.22736 0.938156
2674.530647079408 7.30883 0.935465
2674.920935218002 6.98155 0.930866
2675.311223356595 7.24222 0.940411
2675.701511495189 5.66182 0.891279
2676.091799633783 4.92238 0.866573
2676.482087772377 5.97195 0.905207
2676.87237591097 6.72557 0.925397
2677.262664049563 6.33649 0.910478
2677.652952188158 6.30964 0.915727
2678.043240326751 5.57817 0.892214
2678.433528465344 7.01667 0.936243
2678.823816603939 7.12156 0.938364
2679.214104742532 6.513 0.921903
2679.604392881125 6.41694 0.91652
2679.99468101972 5.96366 0.906557
2680.384969158313 6.3006 0.91934
2680.775257296907 7.03492 0.941015
2681.165545435501 5.76055 0.902638
2681.555833574094 6.64518 0.929664
2681.946121712688 7.38382 0.952184
2682.336409851281 5.97468 0.905201
2682.726697989876 5.81897 0.900431
2683.116986128469 6.03308 0.909208
2683.507274267062 5.88799 0.90184
2683.897562405656 6.92579 0.937779
2684.28785054425 6.01503 0.906032
2684.678138682843 4.90561 0.876627
2685.068426821436 6.84605 0.940405
2685.458714960031 7.88586 0.966943
2685.849003098624 7.35988 0.955929
2686.239291237218 6.68074 0.931288
2686.629579375812 6.84328 0.93539
2687.019867514405 6.58069 0.929495
2687.410155652999 7.47768 0.957748
2687.800443791592 6.36457 0.921312
2688.190731930187 5.45769 0.89347
2688.58102006878 5.39151 0.891935
2688.971308207374 6.34676 0.91786
2689.361596345967 7.13097 0.953397
2689.751884484561 8.03575 0.972194
2690.142172623155 7.97833 0.978577
2690.532460761748 7.09773 0.958493
2690.922748900342 7.52301 0.957175
2691.313037038935 6.50934 0.934212
2691.703325177529 7.48585 0.965999
2692.093613316123 7.75097 0.964961
2692.483901454717 6.82377 0.94142
2692.87418959331 6.65638 0.940125
2693.264477731904 5.74576 0.903303
2693.654765870498 6.51796 0.934976
2694.045054009091 7.1626 0.95341
2694.435342147685 7.33766 0.956748
2694.825630286278 7.12722 0.953094
2695.215918424873 5.57994 0.902595
2695.606206563466 6.83303 0.944352
2695.996494702059 8.12383 0.989419
2696.386782840653 7.70924 0.976062
2696.777070979247 7.08033 0.950557
2697.167359117841 6.52325 0.935012
2697.557647256434 5.24979 0.899645
2697.947935395028 6.18968 0.924107
2698.338223533621 6.69728 0.946506
2698.728511672215 7.31135 0.961685
2699.118799810809 7.55728 0.967152
2699.509087949402 5.81963 0.909136
2699.899376087996 7.25651 0.956225
2700.28966422659 7.24708 0.957026
2700.679952365184 7.32292 0.960608
2701.070240503777 7.76184 0.974335
2701.460528642371 8.04279 0.984828
2701.850816780964 7.90804 0.97634
2702.241104919558 7.41039 0.96001
2702.631393058151 8.19813 0.987285
2703.021681196746 8.56726 0.995823
2703.411969335339 7.40447 0.962506
2703.802257473932 6.34735 0.923928
2704.192545612526 6.6535 0.936993
2704.58283375112 7.57378 0.970029
2704.973121889714 6.84743 0.945004
2705.363410028307 5.76773 0.910917
2705.753698166901 7.18811 0.95874
2706.143986305495 7.44938 0.960386
2706.534274444088 7.15353 0.954993
2706.924562582682 7.58181 0.971273
2707.314850721276 7.78672 0.975011
2707.705138859869 7.94885 0.980352
2708.095426998463 6.31968 0.934536
2708.485715137057 6.89732 0.94887
2708.87600327565 6.25498 0.929099
2709.266291414244 6.18214 0.933113
2709.656579552838 6.15342 0.929824
2710.046867691431 6.87071 0.956831
2710.437155830025 8.37946 0.993071
2710.827443968618 7.6643 0.976922
2711.217732107213 7.76156 0.981607
2711.608020245806 7.97649 0.987034
2711.998308384399 7.75843 0.976318
2712.388596522993 7.44698 0.972478
2712.778884661587 7.28 0.965223
2713.169172800181 6.9766 0.95522
2713.559460938774 8.24214 0.999282
2713.949749077368 8.357 0.996511
2714.340037215961 7.5511 0.983989
2714.730325354555 6.46775 0.944028
2715.120613493149 8.07399 1.00026
2715.510901631743 7.136 0.968738
2715.901189770336 6.60551 0.953066
2716.291477908929 7.66247 0.98451
2716.681766047524 7.22848 0.970691
2717.072054186117 6.22313 0.939936
2717.462342324711 7.65863 0.983282
2717.852630463304 7.96352 1.00283
2718.242918601898 7.36135 0.980382
2718.633206740492 6.80639 0.958227
2719.023494879085 7.85717 0.993283
2719.41378301768 7.62523 0.985452
2719.804071156273 5.65802 0.922976
2720.194359294866 6.54825 0.956845
2720.58464743346 7.2425 0.980386
2720.974935572054 6.44273 0.955724
2721.365223710647 6.59068 0.957784
2721.755511849241 6.79239 0.962414
2722.145799987835 7.14373 0.976249
2722.536088126428 5.49709 0.920746
2722.926376265022 5.90733 0.935679
2723.316664403616 7.72295 0.994799
2723.70695254221 7.89842 1.00066
2724.097240680803 7.07149 0.975488
2724.487528819396 5.76807 0.930952
2724.87781695799 6.5417 0.964185
2725.268105096584 6.42261 0.960883
2725.658393235178 6.99664 0.975439
2726.048681373771 7.45256 0.993932
2726.438969512365 7.38611 0.990375
2726.829257650958 6.0372 0.943938
2727.219545789552 6.70552 0.96934
2727.609833928146 6.88434 0.978778
2728.000122066739 6.86075 0.97646
2728.390410205334 8.64648 1.02887
2728.780698343927 7.95082 1.01084
2729.170986482521 7.13342 0.987053
2729.561274621114 6.13686 0.95602
2729.951562759708 6.23766 0.9575
2730.341850898301 8.3847 1.0235
2730.732139036895 6.74511 0.976593
2731.122427175489 7.16627 0.990131
2731.512715314083 7.47988 0.998071
2731.903003452677 6.81765 0.977033
2732.29329159127 6.66266 0.974329
2732.683579729863 6.31308 0.955456
2733.073867868457 6.63978 0.972928
2733.464156007051 8.46045 1.02745
2733.854444145644 8.71747 1.03692
2734.244732284238 7.14794 0.99019
2734.635020422832 8.8153 1.04019
2735.025308561425 7.16687 0.993416
2735.415596700019 8.30969 1.02168
2735.805884838613 8.18902 1.02815
2736.196172977207 8.58484 1.03473
2736.5864611158 8.16022 1.0246
2736.976749254394 8.60504 1.03489
2737.367037392987 8.35342 1.03152
2737.757325531581 7.97966 1.02046
2738.147613670175 8.57228 1.03549
2738.537901808768 8.99402 1.04946
2738.928189947362 8.77043 1.04214
2739.318478085955 7.54864 1.01008
2739.70876622455 8.40268 1.02739
2740.099054363143 7.28041 1.00312
2740.489342501736 6.75237 0.981635
2740.879630640331 9.04846 1.04991
2741.269918778924 7.36751 1.00461
2741.660206917518 7.78683 1.01354
2742.050495056111 7.79068 1.00806
2742.440783194705 7.61451 1.0056
2742.831071333298 7.22757 0.999578
2743.221359471892 7.78249 1.01201
2743.611647610486 7.45965 1.00879
2744.00193574908 9.39613 1.05541
2744.392223887673 8.73205 1.04203
2744.782512026266 6.99646 0.99574
2745.172800164861 9.01418 1.04802
2745.563088303454 8.57015 1.04045
2745.953376442048 7.72711 1.01876
2746.343664580642 8.17012 1.02814
2746.733952719235 7.23138 1.00148
2747.124240857829 8.53905 1.0438
2747.514528996423 8.34683 1.03209
2747.904817135017 6.97005 0.994376
2748.29510527361 7.40356 1.0078
2748.685393412204 7.6913 1.01693
2749.075681550797 8.0193 1.0193
2749.465969689391 7.74371 1.01811
2749.856257827984 7.61407 1.0139
2750.246545966578 7.32845 1.00995
2750.636834105172 6.53173 0.984924
2751.027122243765 7.06102 1.00733
2751.417410382359 5.88247 0.968054
2751.807698520953 7.04079 0.998523
2752.197986659547 8.59925 1.0474
2752.588274798141 7.21024 1.01362
2752.978562936733 7.92799 1.02972
2753.368851075328 7.1307 1.00415
2753.759139213922 7.11098 1.00918
2754.149427352515 6.76589 0.994301
2754.539715491108 7.62215 1.0279
2754.930003629702 7.42781 1.01965
2755.320291768296 7.39895 1.02102
2755.710579906889 7.99665 1.04007
2756.100868045484 7.93756 1.03577
2756.491156184077 6.85661 1.00291
2756.881444322671 7.73877 1.02953
2757.271732461265 7.54592 1.02232
2757.662020599858 9.05503 1.06669
2758.052308738451 9.67834 1.08922
2758.442596877045 8.5686 1.05371
2758.832885015639 7.35629 1.02233
2759.223173154232 7.86975 1.03303
2759.613461292826 7.36443 1.0254
2760.00374943142 6.91363 1.01499
2760.394037570014 7.65231 1.0309
2760.784325708607 8.58714 1.06501
2761.1746138472 8.96853 1.07812
2761.564901985795 8.62059 1.0656
2761.955190124388 7.27149 1.02034
2762.345478262981 6.00627 0.981602
2762.735766401575 7.45163 1.02473
2763.126054540169 7.69344 1.03863
2763.516342678762 8.51848 1.06207
2763.906630817356 8.04153 1.04309
2764.29691895595 8.68302 1.07087
2764.687207094544 9.99355 1.10192
2765.077495233138 9.25033 1.08818
2765.467783371731 9.89492 1.10894
2765.858071510325 9.66527 1.09701
2766.248359648919 8.60498 1.06833
2766.638647787512 9.45813 1.09218
2767.028935926105 9.26287 1.08692
2767.419224064699 9.00414 1.08332
2767.809512203293 9.85921 1.11168
2768.199800341887 10.4283 1.12179
2768.59008848048 10.6228 1.12762
2768.980376619074 11.2906 1.14916
2769.370664757668 10.9389 1.13378
2769.760952896261 10.5034 1.12894
2770.151241034855 9.23944 1.09179
2770.541529173448 9.83433 1.108
2770.931817312042 9.66986 1.11545
2771.322105450635 9.62588 1.10915
2771.71239358923 10.5147 1.12745
2772.102681727823 9.68631 1.1112
2772.492969866417 9.55993 1.10846
2772.883258005011 9.17877 1.08991
2773.273546143604 9.14789 1.09513
2773.663834282198 8.95742 1.08794
2774.054122420792 8.00753 1.05668
2774.444410559385 7.97498 1.05448
2774.834698697979 9.17552 1.08965
2775.224986836573 11.0814 1.15335
2775.615274975166 10.722 1.13838
2776.00556311376 9.68286 1.11465
2776.395851252354 9.13197 1.09089
2776.786139390947 9.8926 1.1131
2777.176427529541 8.53511 1.07609
2777.566715668134 8.34022 1.07394
2777.957003806729 7.16863 1.04023
2778.347291945322 8.75281 1.08664
2778.737580083915 9.05709 1.09964
2779.12786822251 9.08315 1.10131
2779.518156361103 8.88419 1.0958
2779.908444499696 8.15863 1.07012
2780.29873263829 9.24531 1.10238
2780.689020776884 9.79083 1.12173
2781.079308915478 7.74568 1.06401
2781.46959705407 7.90209 1.0677
2781.859885192665 7.62285 1.06197
2782.250173331259 9.71188 1.11933
2782.640461469852 9.81777 1.12577
2783.030749608446 8.53014 1.09373
2783.421037747039 8.86734 1.09452
2783.811325885633 9.58492 1.12105
2784.201614024227 9.90757 1.13428
2784.591902162821 9.58891 1.12547
2784.982190301414 8.36723 1.09293
2785.372478440008 9.25172 1.11247
2785.762766578602 7.94328 1.06955
2786.153054717195 7.18678 1.04649
2786.543342855789 6.81563 1.03963
2786.933630994383 7.59352 1.06295
2787.323919132976 8.91485 1.10667
2787.714207271569 8.56051 1.0922
2788.104495410163 7.45867 1.06121
2788.494783548757 7.27184 1.04789
2788.885071687351 7.05315 1.04087
2789.275359825944 6.89664 1.0394
2789.665647964538 9.30424 1.11487
2790.055936103132 7.94055 1.08248
2790.446224241726 8.44532 1.09698
2790.836512380319 10.4076 1.15774
2791.226800518912 8.36054 1.09044
2791.617088657507 7.8774 1.08051
2792.0073767961 7.9764 1.08205
2792.397664934693 7.68374 1.06959
2792.787953073287 8.82022 1.1105
2793.178241211881 6.70659 1.04108
2793.568529350475 5.8589 1.01796
2793.958817489068 5.58243 1.00595
2794.349105627662 4.47539 0.969825
2794.739393766256 3.91314 0.951904
2795.129681904849 2.80231 0.907942
2795.519970043442 3.10016 0.927576
2795.910258182037 6.11262 1.03417
2796.30054632063 5.91296 1.02197
2796.690834459225 7.1772 1.06458
2797.081122597818 7.61941 1.07447
2797.471410736411 8.50174 1.10981
2797.861698875005 7.92993 1.09545
2798.251987013599 7.99008 1.09268
2798.642275152192 7.29039 1.07902
2799.032563290786 6.62482 1.0548
2799.42285142938 7.30282 1.06575
2799.813139567973 8.46733 1.10879
2800.203427706567 6.76267 1.05508
2800.593715845161 6.02671 1.03016
2800.984003983754 5.79571 1.03068
2801.374292122348 6.44679 1.05233
2801.764580260941 6.39445 1.04526
2802.154868399536 4.16181 0.965171
2802.545156538129 2.48749 0.914728
2802.935444676722 2.97873 0.922849
2803.325732815316 4.85675 0.991131
2803.71602095391 6.98958 1.06488
2804.106309092503 8.1437 1.10021
2804.496597231097 7.34568 1.08338
2804.886885369691 6.95886 1.06459
2805.277173508284 7.31427 1.0745
2805.667461646878 7.59067 1.0875
2806.057749785472 7.84924 1.0942
2806.448037924066 8.29993 1.10908
2806.83832606266 8.51622 1.1213
2807.228614201253 7.53091 1.08604
2807.618902339847 7.37566 1.08588
2808.00919047844 6.57639 1.06381
2808.399478617034 6.98478 1.0698
2808.789766755627 7.59125 1.0913
2809.180054894221 7.80985 1.09635
2809.570343032815 7.9546 1.1064
2809.960631171408 8.26719 1.11738
2810.350919310002 8.03969 1.10326
2810.741207448596 7.47919 1.09139
2811.13149558719 7.93402 1.10694
2811.521783725783 9.10255 1.14398
2811.912071864376 9.61366 1.15581
2812.30236000297 8.93926 1.13252
2812.692648141564 8.89387 1.12902
2813.082936280158 8.53606 1.12727
2813.473224418751 7.92439 1.10367
2813.863512557345 6.682 1.06283
2814.253800695939 8.03328 1.11262
2814.644088834533 8.82427 1.13025
2815.034376973126 7.48895 1.09987
2815.42466511172 9.31202 1.16113
2815.814953250314 8.74619 1.13472
2816.205241388907 7.76463 1.10746
2816.5955295275 6.97453 1.08106
2816.985817666095 5.85603 1.03678
2817.376105804688 7.03881 1.08336
2817.766393943281 7.97666 1.114
2818.156682081875 7.97984 1.11293
2818.546970220469 8.45149 1.13581
2818.937258359063 8.50489 1.13344
2819.327546497656 7.43977 1.09627
2819.71783463625 7.02632 1.09038
2820.108122774844 7.4941 1.10146
2820.498410913437 8.71051 1.1427
2820.88869905203 8.24602 1.13586
2821.278987190625 8.59361 1.13993
2821.669275329218 9.07917 1.15453
2822.059563467812 7.98313 1.12732
2822.449851606406 8.15363 1.13163
2822.840139744999 6.30907 1.07006
2823.230427883593 6.97357 1.0976
2823.620716022187 7.21497 1.09646
2824.011004160781 7.3884 1.11452
2824.401292299374 8.39763 1.14254
2824.791580437967 9.54521 1.17457
2825.181868576562 7.86052 1.13451
2825.572156715155 7.21676 1.10868
2825.962444853748 7.41514 1.11786
2826.352732992342 5.53174 1.0551
2826.743021130936 6.97243 1.10102
2827.133309269529 7.33325 1.11831
2827.523597408123 8.52666 1.16313
2827.913885546717 7.20425 1.11345
2828.304173685311 7.99035 1.14066
2828.694461823904 8.41558 1.15026
2829.084749962498 7.94177 1.13964
2829.475038101091 8.83933 1.16531
2829.865326239685 9.0655 1.17404
2830.255614378278 8.46728 1.15328
2830.645902516873 8.30799 1.15096
2831.036190655467 8.65493 1.16262
2831.42647879406 8.22174 1.14323
2831.816766932653 6.91259 1.10763
2832.207055071247 8.03805 1.14299
2832.597343209841 8.19855 1.14125
2832.987631348434 9.16049 1.17676
2833.377919487028 9.33106 1.18043
2833.768207625622 9.10839 1.17254
2834.158495764215 9.29279 1.1801
2834.548783902809 8.75814 1.1633
2834.939072041403 7.1903 1.11618
2835.329360179997 9.07486 1.16903
2835.71964831859 9.35703 1.17965
2836.109936457184 9.60858 1.18152
2836.500224595778 9.36045 1.17312
2836.890512734371 10.4931 1.20441
2837.280800872964 9.93067 1.19379
2837.671089011559 9.62518 1.17895
2838.061377150152 10.7901 1.22392
2838.451665288745 9.08122 1.17928
2838.84195342734 8.10674 1.1629
2839.232241565933 7.58933 1.23937
2839.622529704527 8.64266 1.26513
2840.01281784312 7.75689 1.24503
2840.403105981714 7.97831 1.25441
2840.793394120308 9.97992 1.31837
2841.183682258901 9.63432 1.30449
2841.573970397495 9.10774 1.29097
2841.964258536088 9.42141 1.30126
2842.354546674683 9.57957 1.30386
2842.744834813276 8.8081 1.28483
2843.13512295187 8.56322 1.27262
2843.525411090463 9.19835 1.29531
2843.915699229057 9.27858 1.29433
2844.305987367651 8.35101 1.26045
2844.696275506244 8.43854 1.2774
2845.086563644838 10.1679 1.34051
2845.476851783432 9.42935 1.30666
2845.867139922025 6.64005 1.21259
2846.257428060618 6.30345 1.19663
2846.647716199212 8.42086 1.27353
2847.038004337806 8.68389 1.28986
2847.4282924764 9.95562 1.33179
2847.818580614994 10.5301 1.34712
2848.208868753587 7.37009 1.24741
2848.599156892181 9.39157 1.32015
2848.989445030775 8.88014 1.29223
2849.379733169368 7.32957 1.23397
2849.770021307962 7.70166 1.24808
2850.160309446556 8.02768 1.2567
2850.550597585149 8.78414 1.2902
2850.940885723743 7.59738 1.24657
2851.331173862337 9.38146 1.30582
2851.72146200093 6.88493 1.21534
2852.111750139524 6.53101 1.19629
2852.502038278118 8.52016 1.26818
2852.892326416711 10.2684 1.32957
2853.282614555305 9.99465 1.31388
2853.672902693899 10.5106 1.3282
2854.063190832492 11.396 1.35721
2854.453478971085 10.4149 1.32176
2854.843767109679 10.5942 1.33457
2855.234055248273 7.72263 1.22395
2855.624343386867 8.88881 1.26684
2856.01463152546 9.21106 1.26614
2856.404919664054 8.16889 1.2282
2856.795207802648 8.80689 1.25311
2857.185495941241 10.5214 1.30884
2857.575784079835 10.6143 1.31096
2857.966072218429 9.34962 1.28629
2858.356360357022 8.72789 1.32521
2858.746648495615 9.75678 1.6023
2859.13693663421 10.1623 1.6496
2859.527224772804 8.44605 1.58041
2859.917512911397 8.1271 1.56995
2860.307801049991 8.87085 1.59259
2860.698089188584 8.61913 1.59731
2861.088377327178 6.5132 1.49915
2861.478665465772 7.75805 1.58685
2861.868953604366 8.1039 1.67846
2862.259241742959 7.43899 1.76349
2862.649529881552 7.46233 1.77336
2863.039818020146 6.3277 1.71369
2863.43010615874 5.6096 1.67184
2863.820394297334 6.79098 1.73757
2864.210682435927 7.24601 1.75806
2864.600970574521 7.74912 1.77879
2864.991258713115 10.2988 1.91791
2865.381546851708 7.80982 1.79104
2865.771834990302 8.23234 1.82055
2866.162123128896 8.38213 1.82961
2866.55241126749 9.11169 1.86352
2866.942699406082 8.18434 1.81094
2867.332987544677 7.35924 1.78602
2867.723275683271 7.5347 1.79773
2868.113563821864 8.49841 1.83534
2868.503851960457 7.07814 1.76347
2868.894140099051 5.45419 1.68743
2869.284428237645 7.28105 1.76066
2869.674716376238 6.69368 1.74832
2870.065004514832 7.92896 1.79432
2870.455292653426 9.02445 1.8401
2870.84558079202 10.5992 1.92237
2871.235868930613 10.5678 1.91177
2871.626157069207 8.33069 1.78366
2872.016445207801 9.67665 1.85343
2872.406733346394 10.5799 1.89284
2872.797021484989 11.1302 1.90847
2873.187309623581 9.97351 1.8585
2873.577597762175 9.79873 1.84392
2873.967885900769 10.4718 1.86267
2874.358174039363 9.87401 1.82544
2874.748462177956 11.4604 1.91469
2875.138750316549 14.1166 2.01826
2875.529038455144 14.2953 2.00954
2875.919326593737 12.5504 1.92273
2876.309614732331 12.1987 1.90974
2876.699902870924 14.0649 1.97723
2877.090191009518 12.6003 1.92578
2877.480479148112 12.8585 1.9311
2877.870767286705 12.2736 1.97203
2878.261055425299 8.84418 1.89678
2878.651343563893 9.46941 2.26823
2879.041631702486 11.1743 2.5293
2879.43191984108 8.99509 3.24078
2879.822207979674 8.51638 3.27035
2880.212496118267 4.15226 2.86937
2880.602784256861 10.0727 3.33155
2880.993072395455 7.63925 3.16307
2881.383360534048 7.82216 3.15192
2881.773648672642 8.29822 3.23077
2882.163936811236 12.4896 3.54173
2882.554224949829 12.4456 3.5488
2882.944513088422 11.8967 3.50365
2883.334801227017 9.14569 3.31312
2883.72508936561 12.1912 3.54219
2884.115377504204 10.9934 3.43651
2884.505665642798 15.0112 3.71237
2884.895953781391 12.0684 3.55767
2885.286241919985 10.6041 3.47789
2885.676530058579 10.807 3.45811
2886.066818197172 11.3894 3.50361
2886.457106335766 15.0236 3.7398
2886.84739447436 14.6883 3.74063
2887.237682612953 13.9475 3.71418
2887.627970751547 10.8483 3.45551
2888.018258890141 9.99462 3.40568
2888.408547028734 9.50501 3.34062
2888.798835167328 11.2706 3.49857
2889.189123305921 6.93305 3.07703
2889.579411444515 7.20111 3.05972
2889.969699583109 9.01678 3.27395
2890.359987721703 15.6761 3.80805
2890.750275860297 12.9747 3.59182
2891.14056399889 12.5361 3.51406
2891.530852137483 15.7626 3.76898
2891.921140276078 10.3543 3.23784
2892.311428414671 9.97905 3.28083
2892.701716553264 12.609 3.48823
2893.092004691859 12.8893 3.46851
2893.482292830452 6.02726 2.82403
2893.872580969045 12.277 3.39758
2894.262869107639 14.7794 3.54993
2894.653157246233 16.6733 3.72057
2895.043445384827 16.4219 3.69174
2895.433733523419 15.1866 3.59785
2895.824021662014 18.1906 3.7708
2896.214309800608 13.2651 3.37125
2896.604597939201 13.7151 3.41616
2896.994886077794 6.87319 2.74102
2897.385174216388 14.0385 3.38984
2897.775462354982 17.0679 3.71089
2898.165750493575 10.7095 3.49367
2898.55603863217 8.96313 3.42872
2898.946326770763 0 0
2899.336614909357 0 0
2899.726903047951 0 0
2900.117191186544 0 0
2900.507479325138 0 0
2900.897767463732 0 0
2901.288055602326 0 0
2901.678343740918 0 0
2902.068631879512 0 0
2902.458920018106 0 0
2902.8492081567 0 0
