0.31
lambda flux err
2406.019638688732 0 0
2406.409928131751 0 0
2406.80021757477 0 0
2407.190507017789 0 0
2407.580796460808 0 0
2407.971085903827 0 0
2408.361375346846 0 0
2408.751664789866 0 0
2409.141954232884 0 0
2409.532243675904 0 0
2409.922533118923 0 0
2410.312822561943 0 0
2410.703112004961 0 0
2411.09340144798 0 0
2411.483690890999 0 0
2411.873980334018 0 0
2412.264269777038 0 0
2412.654559220056 0 0
2413.044848663075 0 0
2413.435138106094 0 0
2413.825427549114 0 0
2414.215716992133 0 0
2414.606006435152 0 0
2414.996295878171 0 0
2415.38658532119 0 0
2415.776874764209 0 0
2416.167164207229 0 0
2416.557453650247 0 0
2416.947743093267 0 0
2417.338032536285 0 0
2417.728321979304 0 0
2418.118611422324 0 0
2418.508900865343 0 0
2418.899190308362 0 0
2419.289479751381 0 0
2419.6797691944 0 0
2420.070058637419 0 0
2420.460348080438 0 0
2420.850637523457 0 0
2421.240926966476 0 0
2421.631216409495 0 0
2422.021505852515 0 0
2422.411795295533 0 0
2422.802084738553 0 0
2423.192374181572 0 0
2423.582663624591 0 0
2423.97295306761 0 0
2424.363242510629 0 0
2424.753531953648 0 0
2425.143821396668 0 0
2425.534110839687 0 0
2425.924400282706 0 0
2426.314689725725 0 0
2426.704979168743 0 0
2427.095268611763 0 0
2427.485558054782 0 0
2427.875847497801 0 0
2428.26613694082 0 0
2428.65642638384 0 0
2429.046715826858 0 0
2429.437005269877 0 0
2429.827294712896 0 0
2430.217584155915 0 0
2430.607873598935 0 0
2430.998163041954 0 0
2431.388452484973 0 0
2431.778741927992 0 0
2432.169031371011 0 0
2432.55932081403 0 0
2432.94961025705 0 0
2433.339899700068 0 0
2433.730189143087 0 0
2434.120478586107 0 0
2434.510768029125 0 0
2434.901057472145 0 0
2435.291346915164 0 0
2435.681636358183 0 0
2436.071925801202 0 0
2436.46221524422 0 0
2436.85250468724 0 0
2437.242794130259 0 0
2437.633083573279 3.84474 1.44799
2438.023373016297 8.44164 2.1222
2438.413662459316 10.6126 2.32765
2438.803951902336 15.6601 2.58945
2439.194241345354 12.7349 2.54344
2439.584530788374 16.7071 2.69523
2439.974820231393 14.515 2.70038
2440.365109674412 10.9112 2.34392
2440.755399117431 10.7244 2.38032
2441.14568856045 14.1915 2.62351
2441.535978003469 10.0416 2.30009
2441.926267446488 8.24166 2.24145
2442.316556889508 7.93096 2.23448
2442.706846332526 8.70924 2.31008
2443.097135775545 10.8677 2.44758
2443.487425218565 11.1014 2.50539
2443.877714661583 9.31675 2.36614
2444.268004104603 11.719 2.53989
2444.658293547622 9.60709 2.39246
2445.04858299064 10.673 2.48251
2445.43887243366 8.3321 2.33891
2445.829161876679 7.77659 2.27156
2446.219451319698 8.51139 2.34317
2446.609740762717 8.38026 2.33554
2447.000030205737 8.97284 2.41686
2447.390319648755 7.60557 2.3071
2447.780609091775 6.07885 2.23454
2448.170898534793 7.16654 2.27156
2448.561187977813 7.82775 2.31429
2448.951477420832 5.33061 2.14872
2449.341766863851 6.97326 2.25717
2449.73205630687 7.31735 2.23952
2450.122345749889 8.45175 2.43951
2450.512635192908 8.32933 2.36854
2450.902924635927 8.86721 2.38099
2451.293214078946 6.90253 2.22156
2451.683503521966 8.95365 2.30805
2452.073792964985 11.1992 2.58939
2452.464082408004 11.0428 2.50669
2452.854371851023 7.7728 2.32928
2453.244661294042 8.09181 2.2821
2453.634950737061 5.74311 1.55668
2454.02524018008 7.63884 1.57567
2454.415529623099 9.70471 1.74816
2454.805819066118 10.8045 1.7835
2455.196108509137 9.94516 1.72303
2455.586397952156 12.772 1.86939
2455.976687395175 11.2919 1.8414
2456.366976838195 11.687 1.82408
2456.757266281214 10.4166 1.77643
2457.147555724233 10.6014 1.80226
2457.537845167252 9.29621 1.33131
2457.928134610271 9.05207 1.3368
2458.31842405329 10.6702 1.43096
2458.708713496309 10.2482 1.39757
2459.099002939328 11.2228 1.45131
2459.489292382347 13.2972 1.51802
2459.879581825366 9.69355 1.39537
2460.269871268385 11.184 1.44749
2460.660160711405 8.66699 1.35561
2461.050450154423 9.17172 1.37138
2461.440739597443 10.2702 1.41231
2461.831029040462 11.6143 1.48673
2462.221318483481 11.3446 1.47167
2462.6116079265 11.0236 1.46151
2463.00189736952 10.2221 1.42996
2463.392186812538 9.37005 1.41047
2463.782476255557 10.0778 1.42272
2464.172765698576 10.758 1.46339
2464.563055141595 10.6851 1.45438
2464.953344584615 11.9401 1.51034
2465.343634027634 11.2498 1.47785
2465.733923470652 12.1646 1.51426
2466.124212913672 11.899 1.51259
2466.514502356691 11.8095 1.5081
2466.90479179971 9.6192 1.42924
2467.295081242729 11.2639 1.48186
2467.685370685748 11.8097 1.50097
2468.075660128767 11.895 1.50828
2468.465949571786 11.0252 1.48282
2468.856239014806 8.49882 1.37887
2469.246528457824 10.8827 1.45869
2469.636817900844 12.0633 1.49729
2470.027107343863 12.405 1.52507
2470.417396786881 13.792 1.57062
2470.807686229901 11.0598 1.46173
2471.19797567292 11.648 1.48199
2471.588265115939 12.8226 1.51084
2471.978554558958 11.4272 1.4876
2472.368844001977 12.0793 1.4955
2472.759133444996 9.44807 1.40058
2473.149422888015 11.4226 1.46879
2473.539712331034 12.8071 1.52334
2473.930001774053 11.6115 1.28769
2474.320291217073 12.3526 1.30187
2474.710580660092 12.3565 1.31702
2475.10087010311 13.0662 1.32514
2475.49115954613 13.3987 1.35396
2475.881448989149 12.6997 1.3202
2476.271738432168 12.6617 1.31527
2476.662027875187 10.7078 1.25577
2477.052317318206 10.9824 1.27662
2477.442606761225 11.599 1.28377
2477.832896204245 11.9489 1.3015
2478.223185647264 13.4054 1.34517
2478.613475090283 12.5388 1.31857
2479.003764533302 12.0551 1.30213
2479.39405397632 10.7451 1.26614
2479.78434341934 12.2008 1.30421
2480.174632862359 12.0124 1.30166
2480.564922305378 12.3431 1.3145
2480.955211748397 11.6597 1.29619
2481.345501191416 10.8662 1.2664
2481.735790634435 11.1727 1.2793
2482.126080077454 9.36841 1.21213
2482.516369520473 11.4636 1.28344
2482.906658963492 11.1429 1.27561
2483.296948406511 9.35563 1.22519
2483.687237849531 9.29895 1.21324
2484.07752729255 11.4982 1.29055
2484.467816735569 10.5301 1.25218
2484.858106178588 10.3403 1.25487
2485.248395621607 9.39017 1.20546
2485.638685064626 10.7084 1.25957
2486.028974507645 12.0622 1.29576
2486.419263950664 10.3788 1.24624
2486.809553393684 10.3528 1.24947
2487.199842836703 11.0568 1.27131
2487.590132279721 11.6466 1.27741
2487.980421722741 11.4445 1.26816
2488.37071116576 11.6692 1.29358
2488.761000608779 12.5428 1.31767
2489.151290051798 12.0566 1.30679
2489.541579494817 11.8365 1.28262
2489.931868937836 13.3702 1.33785
2490.322158380855 14.7544 1.36974
2490.712447823874 13.9433 1.34703
2491.102737266893 11.6874 1.27764
2491.493026709913 12.4652 1.29719
2491.883316152931 12.1839 1.29146
2492.273605595951 14.0356 1.35336
2492.66389503897 12.9922 1.30913
2493.054184481989 11.6323 1.26982
2493.444473925008 11.5397 1.26737
2493.834763368027 11.2773 1.12443
2494.225052811046 12.5081 1.16348
2494.615342254066 13.5063 1.20107
2495.005631697084 13.6386 1.19767
2495.395921140104 13.6702 1.21018
2495.786210583122 13.6548 1.19975
2496.176500026142 13.7585 1.20629
2496.566789469161 15.1501 1.23779
2496.95707891218 13.5383 1.21101
2497.347368355199 12.6526 1.17304
2497.737657798217 12.1819 1.15344
2498.127947241237 12.8227 1.17551
2498.518236684256 12.2807 1.16199
2498.908526127276 13.3856 1.1917
2499.298815570294 13.1312 1.19028
2499.689105013314 13.2746 1.19159
2500.079394456333 12.5068 1.16386
2500.469683899351 11.7462 1.1432
2500.859973342371 12.6471 1.17288
2501.250262785389 12.7887 1.17674
2501.640552228409 11.9249 1.14766
2502.030841671428 11.5729 1.1509
2502.421131114446 12.1297 1.1617
2502.811420557466 12.3721 1.16556
2503.201710000485 12.5412 1.17949
2503.591999443505 13.6617 1.20461
2503.982288886523 11.4711 1.1426
2504.372578329542 10.8273 1.12763
2504.762867772562 11.3642 1.13574
2505.15315721558 11.9769 1.14993
2505.5434466586 12.4064 1.16393
2505.933736101619 11.6759 1.14777
2506.324025544638 12.5666 1.17348
2506.714314987657 11.1481 1.13508
2507.104604430676 10.0703 1.10089
2507.494893873695 10.273 1.09732
2507.885183316714 10.9668 1.11272
2508.275472759734 10.5519 1.10994
2508.665762202752 11.7144 1.13978
2509.056051645772 11.4461 1.13969
2509.446341088791 11.1071 1.11843
2509.836630531809 11.7417 1.1449
2510.226919974829 11.3817 1.12205
2510.617209417848 11.1444 1.11834
2511.007498860867 10.6793 1.10885
2511.397788303886 9.69735 1.07254
2511.788077746905 9.09115 1.06208
2512.178367189925 9.87981 1.08655
2512.568656632943 10.9799 1.10072
2512.958946075963 10.8737 1.10465
2513.349235518981 10.8179 1.1112
2513.739524962001 10.2245 1.08937
2514.12981440502 8.74544 1.04519
2514.520103848039 9.06808 1.05224
2514.910393291058 9.63542 1.06843
2515.300682734077 10.0096 1.08042
2515.690972177097 9.61945 1.06671
2516.081261620115 8.36655 1.03096
2516.471551063134 9.3608 1.0554
2516.861840506153 8.23719 1.02848
2517.252129949172 9.7171 1.07063
2517.642419392192 10.5965 1.09304
2518.032708835211 8.8955 1.04583
2518.42299827823 8.44062 1.02601
2518.813287721249 9.65633 1.06873
2519.203577164267 9.56431 1.06051
2519.593866607287 9.08096 1.05595
2519.984156050306 9.61113 1.06196
2520.374445493325 10.2545 1.08541
2520.764734936344 8.42392 1.0279
2521.155024379364 8.75242 1.03891
2521.545313822383 9.00401 1.03348
2521.935603265401 10.1427 1.09084
2522.325892708421 9.14187 1.05667
2522.71618215144 8.31059 1.01721
2523.106471594459 8.29879 1.02879
2523.496761037478 9.87311 1.07676
2523.887050480497 9.42079 1.0552
2524.277339923516 9.25866 1.05471
2524.667629366535 9.86245 1.0788
2525.057918809554 8.96479 1.04945
2525.448208252573 9.22563 1.05299
2525.838497695592 9.86043 1.07542
2526.228787138611 8.07323 1.01549
2526.61907658163 8.59027 1.03113
2527.00936602465 8.5363 1.03782
2527.399655467669 8.86383 1.04292
2527.789944910688 9.33586 1.05374
2528.180234353707 7.72702 1.00069
2528.570523796726 9.31669 1.0567
2528.960813239746 9.88706 1.06934
2529.351102682764 9.04043 1.04155
2529.741392125783 8.12927 1.02287
2530.131681568802 9.57331 1.05841
2530.521971011822 9.8704 1.06645
2530.912260454841 8.75656 1.03765
2531.30254989786 7.87943 1.00366
2531.692839340879 8.90374 1.03929
2532.083128783898 9.39684 1.05243
2532.473418226917 8.57611 1.02064
2532.863707669936 9.07755 1.03421
2533.253997112955 8.48141 1.02687
2533.644286555974 8.9209 1.03356
2534.034575998994 8.67385 1.03122
2534.424865442012 7.55683 0.987864
2534.815154885032 6.6213 0.958724
2535.20544432805 7.86239 0.996411
2535.59573377107 9.06827 1.04226
2535.986023214089 8.4397 1.02165
2536.376312657108 8.93002 1.03079
2536.766602100127 9.70219 1.0575
2537.156891543146 11.0696 1.09651
2537.547180986165 9.5938 1.05239
2537.937470429184 8.75383 1.02426
2538.327759872204 9.40894 1.05377
2538.718049315222 8.45016 1.02176
2539.108338758241 10.0469 1.06353
2539.498628201261 9.43031 1.04573
2539.888917644279 8.52879 1.02309
2540.279207087299 8.69196 1.02998
2540.669496530318 9.93569 1.06752
2541.059785973338 10.1192 1.07495
2541.450075416356 10.1833 1.06845
2541.840364859375 8.21953 1.01046
2542.230654302394 8.56747 1.02814
2542.620943745413 8.73004 1.0258
2543.011233188433 7.48489 0.989085
2543.401522631451 8.70475 1.02599
2543.791812074471 9.14428 1.0358
2544.18210151749 9.30305 1.04568
2544.572390960508 9.75926 1.06327
2544.962680403528 8.2274 1.00482
2545.352969846547 8.76958 1.02813
2545.743259289566 10.2295 1.07001
2546.133548732585 8.54689 1.02145
2546.523838175604 8.23279 1.00278
2546.914127618624 8.08338 1.00294
2547.304417061642 8.98109 1.03331
2547.694706504662 8.85646 1.02761
2548.08499594768 10.1997 1.06867
2548.4752853907 8.36186 1.01413
2548.865574833719 8.08744 0.995146
2549.255864276737 8.71548 1.01759
2549.646153719757 8.02273 1.00624
2550.036443162776 8.43541 1.01973
2550.426732605796 8.8719 1.0253
2550.817022048814 9.36572 1.04181
2551.207311491833 8.75325 1.0208
2551.597600934852 7.45998 0.977697
2551.987890377871 7.71355 0.992111
2552.378179820891 8.47144 1.01768
2552.76846926391 8.47633 1.01399
2553.158758706929 8.76682 1.02177
2553.549048149947 10.0209 1.05742
2553.939337592966 9.43756 1.04243
2554.329627035986 9.50575 1.04567
2554.719916479005 9.3705 1.041
2555.110205922024 8.17001 1.00699
2555.500495365043 8.66444 1.02105
2555.890784808063 8.11225 1.00091
2556.281074251081 8.14658 1.0102
2556.6713636941 9.19153 1.04022
2557.061653137119 8.41378 1.01057
2557.451942580139 7.70754 0.988974
2557.842232023158 7.83052 0.993152
2558.232521466177 7.96844 1.00555
2558.622810909196 8.08335 1.00483
2559.013100352215 8.95553 1.03258
2559.403389795234 8.54647 1.01616
2559.793679238253 8.45497 1.01773
2560.183968681272 8.10301 1.00106
2560.574258124292 8.96844 1.03388
2560.964547567311 9.72611 1.05931
2561.35483701033 9.09496 1.03518
2561.745126453349 9.3521 1.04983
2562.135415896368 8.6706 1.02639
2562.525705339386 9.18997 1.03704
2562.915994782405 7.60061 0.988557
2563.306284225425 7.02084 0.978007
2563.696573668444 7.67512 0.997132
2564.086863111463 8.3901 1.01764
2564.477152554482 9.38653 1.0441
2564.867441997502 8.8454 1.03226
2565.257731440521 7.88178 1.00158
2565.64802088354 8.99957 1.0328
2566.038310326559 9.41683 1.0551
2566.428599769578 9.84987 1.06445
2566.818889212597 8.05116 1.01234
2567.209178655616 8.44281 1.02163
2567.599468098635 8.08801 1.00308
2567.989757541654 9.53748 1.05213
2568.380046984674 9.03585 1.03615
2568.770336427692 8.40394 1.01974
2569.160625870711 9.64855 1.05422
2569.550915313731 9.87859 1.05988
2569.941204756749 9.28132 1.04354
2570.331494199769 9.29479 1.0459
2570.721783642788 8.28333 1.01296
2571.112073085807 8.13527 1.00905
2571.502362528826 8.86622 1.02356
2571.892651971844 8.36817 1.01819
2572.282941414864 8.19446 1.01982
2572.673230857883 8.11619 1.01601
2573.063520300902 7.6882 0.999143
2573.453809743921 8.38368 1.01418
2573.844099186941 8.21466 1.00725
2574.23438862996 8.29871 1.01636
2574.624678072978 9.73445 1.06138
2575.014967515998 8.83786 1.04026
2575.405256959017 8.03579 1.0102
2575.795546402036 7.9773 1.00486
2576.185835845055 6.14482 0.94363
2576.576125288074 5.21346 0.912616
2576.966414731093 7.12547 0.981275
2577.356704174112 8.11815 1.01254
2577.74699361713 8.30181 1.02106
2578.13728306015 8.86034 1.03649
2578.527572503169 8.54903 1.02323
2578.917861946189 8.06352 1.01071
2579.308151389207 8.9077 1.03917
2579.698440832227 7.99888 1.00706
2580.088730275246 8.21302 1.00744
2580.479019718265 9.19173 1.04414
2580.869309161284 9.10019 1.04689
2581.259598604303 8.43907 1.02319
2581.649888047323 8.21924 1.02272
2582.040177490341 9.03296 1.04718
2582.430466933361 8.68093 1.02615
2582.820756376379 7.73972 1.00608
2583.211045819399 7.9797 1.01978
2583.601335262418 8.17794 1.01533
2583.991624705437 8.2912 1.02764
2584.381914148456 8.43212 1.02527
2584.772203591475 7.27921 0.990788
2585.162493034494 4.75776 0.903668
2585.552782477513 3.49627 0.856397
2585.943071920532 2.91312 0.838058
2586.333361363551 3.23128 0.850056
2586.72365080657 4.31276 0.892917
2587.113940249589 7.01684 0.982333
2587.504229692609 8.18609 1.01647
2587.894519135627 8.67577 1.02964
2588.284808578647 7.57884 1.00488
2588.675098021666 7.63056 1.01412
2589.065387464685 8.71655 1.04337
2589.455676907704 8.63361 1.03229
2589.845966350723 8.28834 1.01803
2590.236255793742 8.54894 1.02804
2590.626545236761 7.48802 0.993272
2591.01683467978 8.01261 1.01909
2591.407124122799 8.11234 1.0237
2591.797413565818 8.40271 1.03394
2592.187703008838 7.5172 1.00053
2592.577992451857 7.32481 0.996982
2592.968281894876 7.91953 1.01792
2593.358571337895 7.5609 1.00528
2593.748860780914 5.49874 0.932471
2594.139150223934 5.05781 0.919498
2594.529439666952 5.77797 0.94254
2594.919729109971 7.75239 1.00429
2595.31001855299 8.08053 1.02941
2595.70030799601 7.72109 1.01537
2596.090597439028 6.70514 0.976255
2596.480886882048 7.99214 1.01181
2596.871176325067 7.28775 0.993793
2597.261465768086 8.50303 1.03376
2597.651755211105 8.37568 1.02843
2598.042044654124 6.48049 0.969892
2598.432334097144 4.15137 0.888292
2598.822623540162 2.41073 0.814658
2599.212912983181 1.96457 0.806687
2599.6032024262 2.74557 0.841015
2599.993491869219 3.10912 0.846773
2600.383781312238 4.74472 0.907277
2600.774070755257 6.70833 0.977303
2601.164360198277 7.84744 1.00873
2601.554649641296 8.2025 1.02292
2601.944939084315 7.63076 1.01009
2602.335228527334 8.69658 1.03983
2602.725517970354 8.14037 1.02956
2603.115807413372 7.13021 0.998129
2603.506096856392 7.93572 1.01714
2603.89638629941 8.5871 1.0374
2604.286675742429 8.54652 1.03712
2604.676965185449 9.04798 1.05423
2605.067254628468 8.02592 1.01961
2605.457544071487 6.94081 0.989084
2605.847833514505 7.32684 0.99862
2606.238122957525 6.38504 0.966236
2606.628412400543 6.16729 0.962128
2607.018701843563 7.63619 1.01212
2607.408991286582 7.53707 1.00777
2607.799280729601 7.05928 0.983938
2608.18957017262 9.26715 1.06463
2608.57985961564 8.25408 1.03311
2608.970149058659 8.13682 1.02996
2609.360438501677 9.60299 1.07454
2609.750727944696 8.55433 1.03374
2610.141017387716 8.54995 1.02905
2610.531306830735 8.84966 1.04656
2610.921596273754 8.55816 1.04021
2611.311885716773 7.66387 1.00967
2611.702175159792 9.23587 1.066
2612.092464602811 10.2296 1.08744
2612.48275404583 8.48715 1.03529
2612.873043488849 8.38835 1.03138
2613.263332931869 8.31478 1.03322
2613.653622374887 7.02023 0.990507
2614.043911817906 7.93011 1.02052
2614.434201260926 8.89062 1.04519
2614.824490703945 9.2792 1.061
2615.214780146963 8.32568 1.03578
2615.605069589983 7.82111 1.01451
2615.995359033002 9.12588 1.05791
2616.385648476022 10.7401 1.10025
2616.77593791904 10.1387 1.08877
2617.166227362059 9.18706 1.06083
2617.556516805079 9.61285 1.071
2617.946806248098 8.11936 1.02854
2618.337095691117 8.05737 1.02453
2618.727385134135 8.18651 1.0211
2619.117674577154 7.59753 1.01011
2619.507964020174 8.37197 1.04089
2619.898253463193 8.1303 1.02671
2620.288542906212 7.52269 1.00888
2620.678832349231 8.37922 1.0408
2621.069121792251 7.73362 1.01636
2621.459411235269 7.84568 1.01348
2621.849700678288 7.58809 1.01578
2622.239990121308 8.35886 1.04171
2622.630279564327 9.20211 1.06569
2623.020569007346 8.46352 1.05092
2623.410858450365 9.42021 1.07371
2623.801147893384 9.39389 1.06676
2624.191437336403 8.80338 1.05509
2624.581726779421 7.29961 1.00748
2624.972016222441 7.96783 1.02776
2625.36230566546 8.60313 1.04349
2625.752595108479 7.59405 1.01407
2626.142884551498 7.54149 1.00952
2626.533173994518 7.8036 1.00979
2626.923463437537 8.44091 1.03899
2627.313752880556 8.00607 1.02626
2627.704042323574 8.34921 1.03338
2628.094331766594 8.93765 1.0571
2628.484621209613 9.37396 1.06936
2628.874910652632 8.96728 1.05414
2629.265200095651 8.43428 1.04881
2629.65548953867 8.71743 1.05707
2630.04577898169 9.00552 1.0578
2630.436068424709 8.41377 1.04581
2630.826357867728 7.95736 1.03225
2631.216647310747 6.89375 0.999205
2631.606936753766 7.74912 1.02889
2631.997226196785 7.75882 1.0256
2632.387515639804 8.53522 1.04529
2632.777805082823 8.39575 1.04026
2633.168094525842 8.54064 1.05384
2633.558383968861 9.47496 1.07945
2633.94867341188 8.80877 1.0638
2634.3389628549 8.93009 1.06065
2634.729252297918 8.31279 1.04104
2635.119541740937 6.57813 0.981921
2635.509831183956 7.02168 0.995596
2635.900120626976 8.18596 1.04341
2636.290410069995 8.64851 1.04975
2636.680699513014 9.26721 1.07033
2637.070988956033 8.9087 1.0646
2637.461278399052 7.82466 1.02429
2637.851567842071 7.58464 1.01545
2638.24185728509 7.83891 1.03582
2638.632146728109 8.691 1.05894
2639.022436171128 8.44402 1.05255
2639.412725614148 7.52828 1.02157
2639.803015057166 7.39228 1.01468
2640.193304500186 7.12176 1.00847
2640.583593943204 7.45379 1.01792
2640.973883386225 8.54851 1.05505
2641.364172829243 8.06603 1.03432
2641.754462272262 6.95823 1.004
2642.144751715281 8.18725 1.04478
2642.535041158299 7.9663 1.03291
2642.925330601319 7.48184 1.01924
2643.315620044338 7.74803 1.02796
2643.705909487358 8.00509 1.03713
2644.096198930376 7.59489 1.0213
2644.486488373395 7.75449 1.03039
2644.876777816415 8.33851 1.04682
2645.267067259434 8.32287 1.04329
2645.657356702453 8.73865 1.05852
2646.047646145472 8.74058 1.06237
2646.437935588491 8.225 1.0396
2646.82822503151 8.45236 1.05046
2647.218514474529 8.44185 1.05305
2647.608803917548 7.11001 1.00619
2647.999093360567 7.34178 1.01928
2648.389382803587 7.85433 1.0368
2648.779672246605 7.34347 1.01514
2649.169961689625 7.60012 1.02882
2649.560251132644 9.34012 1.08713
2649.950540575663 8.34648 1.04772
2650.340830018682 7.45421 1.02329
2650.731119461701 8.39844 1.05727
2651.12140890472 7.40637 1.01804
2651.511698347739 7.65777 1.02936
2651.901987790758 7.45066 1.02769
2652.292277233778 8.50984 1.06262
2652.682566676796 8.22098 1.05686
2653.072856119816 7.68599 1.03458
2653.463145562834 9.01163 1.07272
2653.853435005854 8.37551 1.05102
2654.243724448873 8.69296 1.06499
2654.634013891892 9.31475 1.09014
2655.024303334911 8.66599 1.06174
2655.414592777931 8.64827 1.06124
2655.80488222095 8.10001 1.05144
2656.195171663968 7.57673 1.03512
2656.585461106987 8.30355 1.05565
2656.975750550006 8.84288 1.07928
2657.366039993026 7.94493 1.04177
2657.756329436045 7.17296 1.01135
2658.146618879064 7.84789 1.04509
2658.536908322083 8.77615 1.07372
2658.927197765102 8.59355 1.06701
2659.317487208121 8.18327 1.04921
2659.70777665114 8.25554 1.05153
2660.09806609416 8.92468 1.07447
2660.488355537178 8.25776 1.05776
2660.878644980197 6.99712 1.0171
2661.268934423216 7.63139 1.03536
2661.659223866236 8.09675 1.05701
2662.049513309254 7.20444 1.0179
2662.439802752273 7.62667 1.03307
2662.830092195293 8.41853 1.06124
2663.220381638312 8.7071 1.07041
2663.610671081331 7.6932 1.04086
2664.00096052435 7.39123 1.0268
2664.391249967369 8.52137 1.06499
2664.781539410389 8.93517 1.08118
2665.171828853407 9.2027 1.08801
2665.562118296426 7.58845 1.0348
2665.952407739445 7.8971 1.05084
2666.342697182464 7.6548 1.03871
2666.732986625484 7.88612 1.05078
2667.123276068503 7.77262 1.05046
2667.513565511522 6.74417 1.0077
2667.903854954541 7.86651 1.05139
2668.29414439756 9.00975 1.09228
2668.684433840579 9.21199 1.0954
2669.074723283599 9.01417 1.08739
2669.465012726618 8.22633 1.06173
2669.855302169636 7.65112 1.04287
2670.245591612656 8.133 1.06254
2670.635881055675 8.75172 1.08095
2671.026170498694 8.38507 1.071
2671.416459941712 7.20711 1.03095
2671.806749384732 7.75326 1.04831
2672.197038827751 7.61184 1.0494
2672.58732827077 7.64047 1.05259
2672.977617713789 8.44853 1.0824
2673.367907156808 8.02327 1.06208
2673.758196599827 7.98162 1.05266
2674.148486042847 8.21874 1.06636
2674.538775485865 7.8286 1.05903
2674.929064928885 7.63885 1.05115
2675.319354371903 8.99385 1.09051
2675.709643814923 8.36607 1.07376
2676.099933257942 7.60111 1.04608
2676.490222700961 8.91904 1.08424
2676.88051214398 7.18211 1.03255
2677.270801586998 8.26825 1.06853
2677.661091030019 9.33728 1.10407
2678.051380473037 8.84949 1.09563
2678.441669916057 7.85626 1.05835
2678.831959359075 8.92599 1.09333
2679.222248802095 8.45521 1.08598
2679.612538245114 7.81408 1.06286
2680.002827688132 8.1559 1.07012
2680.393117131152 8.8021 1.0878
2680.783406574171 8.61488 1.08143
2681.17369601719 8.39894 1.07909
2681.563985460209 10.0224 1.1281
2681.954274903228 9.42187 1.10437
2682.344564346247 9.41484 1.10516
2682.734853789267 8.99412 1.09486
2683.125143232285 9.73331 1.12526
2683.515432675305 8.92668 1.0967
2683.905722118324 8.71239 1.08867
2684.296011561343 8.49897 1.08404
2684.686301004361 9.19185 1.10774
2685.076590447381 8.5382 1.08225
2685.4668798904 8.89283 1.09323
2685.857169333419 8.70244 1.09
2686.247458776438 8.40924 1.07996
2686.637748219457 8.51738 1.08935
2687.028037662477 8.93629 1.09757
2687.418327105495 10.2434 1.13139
2687.808616548515 10.1076 1.13624
2688.198905991533 10.1816 1.13722
2688.589195434553 10.1551 1.13101
2688.979484877572 10.0517 1.13973
2689.36977432059 9.77743 1.1281
2689.76006376361 9.84164 1.12499
2690.150353206629 9.36101 1.11197
2690.540642649648 8.74308 1.08796
2690.930932092667 9.3881 1.11528
2691.321221535686 10.4158 1.14199
2691.711510978705 9.16566 1.10155
2692.101800421725 10.1827 1.1348
2692.492089864744 9.30991 1.1058
2692.882379307763 9.19952 1.10577
2693.272668750782 10.1855 1.13959
2693.6629581938 8.73773 1.09208
2694.05324763682 8.18149 1.073
2694.443537079839 9.21899 1.11
2694.833826522858 8.37607 1.08189
2695.224115965877 7.90763 1.06809
2695.614405408896 9.21866 1.10693
2696.004694851916 9.13603 1.10622
2696.394984294935 8.72659 1.09033
2696.785273737954 8.35308 1.07954
2697.175563180972 8.84636 1.1006
2697.565852623992 10.175 1.14069
2697.956142067011 9.41882 1.12296
2698.34643151003 8.66593 1.09048
2698.736720953049 8.8131 1.09689
2699.127010396068 9.11713 1.1129
2699.517299839087 8.96504 1.11008
2699.907589282106 8.7828 1.10303
2700.297878725125 8.82156 1.09793
2700.688168168144 8.79013 1.09766
2701.078457611164 9.6033 1.1222
2701.468747054183 10.4352 1.15241
2701.859036497202 9.66722 1.12916
2702.249325940221 9.00711 1.10789
2702.63961538324 8.43493 1.09309
2703.029904826259 8.91006 1.10559
2703.420194269278 8.39802 1.08767
2703.810483712297 8.77754 1.09841
2704.200773155316 9.01525 1.10889
2704.591062598335 8.94075 1.11127
2704.981352041355 8.29799 1.08609
2705.371641484374 8.89768 1.10947
2705.761930927392 10.1177 1.14599
2706.152220370412 9.21197 1.11594
2706.542509813431 9.28019 1.12155
2706.932799256451 9.92534 1.1441
2707.323088699469 9.25814 1.11556
2707.713378142488 8.23354 1.08553
2708.103667585507 8.38309 1.09422
2708.493957028526 9.39591 1.1203
2708.884246471545 10.3816 1.1608
2709.274535914564 9.09829 1.11932
2709.664825357584 9.43328 1.12437
2710.055114800603 9.65112 1.13184
2710.445404243622 8.68283 1.10775
2710.835693686641 9.86706 1.15055
2711.22598312966 9.70762 1.14327
2711.61627257268 8.29453 1.09791
2712.006562015698 8.68291 1.10601
2712.396851458717 9.50631 1.13154
2712.787140901736 9.58385 1.13665
2713.177430344755 9.9917 1.15481
2713.567719787775 8.87642 1.12078
2713.958009230793 8.62206 1.10853
2714.348298673813 8.87171 1.11937
2714.738588116831 8.04053 1.09275
2715.12887755985 8.26899 1.09628
2715.51916700287 8.09946 1.10248
2715.909456445889 8.90387 1.12948
2716.299745888908 10.3605 1.16281
2716.690035331927 9.31464 1.1365
2717.080324774946 8.2477 1.10362
2717.470614217965 8.04162 1.09487
2717.860903660984 9.57412 1.15314
2718.251193104003 9.059 1.1279
2718.641482547022 8.51336 1.10848
2719.031771990042 9.13285 1.13169
2719.422061433061 8.27876 1.107
2719.81235087608 7.72103 1.0852
2720.202640319099 8.33725 1.10648
2720.592929762118 8.66647 1.11668
2720.983219205137 8.94174 1.12835
2721.373508648156 9.5644 1.14617
2721.763798091176 8.90583 1.12596
2722.154087534194 8.79845 1.12131
2722.544376977213 7.9086 1.09351
2722.934666420233 9.23054 1.14254
2723.324955863252 9.26866 1.13995
2723.715245306271 7.13854 1.06528
2724.105534749289 8.47027 1.11988
2724.495824192309 8.81655 1.13115
2724.886113635328 8.25947 1.10487
2725.276403078347 10.6031 1.18348
2725.666692521366 10.3222 1.17691
2726.056981964385 9.61703 1.15132
2726.447271407405 10.6822 1.18277
2726.837560850423 10.3094 1.1797
2727.227850293442 10.1174 1.17373
2727.618139736462 9.53553 1.15633
2728.00842917948 9.087 1.14424
2728.3987186225 9.51558 1.15286
2728.789008065519 8.70551 1.12754
2729.179297508538 7.10928 1.07955
2729.569586951557 7.77414 1.10174
2729.959876394576 9.24542 1.14792
2730.350165837596 9.17261 1.14916
2730.740455280615 9.3587 1.15364
2731.130744723633 8.51448 1.12963
2731.521034166652 8.48065 1.1285
2731.911323609672 9.0609 1.14957
2732.301613052691 8.6772 1.13487
2732.69190249571 9.00288 1.14472
2733.082191938729 8.82617 1.14173
2733.472481381748 7.60319 1.09776
2733.862770824767 7.93523 1.11045
2734.253060267786 8.7629 1.14091
2734.643349710805 9.50752 1.15756
2735.033639153824 8.34146 1.11285
2735.423928596844 8.32012 1.12663
2735.814218039862 8.31892 1.12836
2736.204507482881 8.9422 1.14045
2736.594796925901 8.57851 1.13283
2736.98508636892 8.94026 1.14176
2737.375375811939 8.46239 1.12777
2737.765665254958 8.91334 1.14768
2738.155954697977 8.84636 1.14975
2738.546244140996 8.88869 1.14571
2738.936533584016 10.5085 1.19487
2739.326823027034 10.0753 1.18245
2739.717112470054 8.88776 1.15022
2740.107401913073 7.96902 1.12057
2740.497691356091 8.46677 1.13415
2740.887980799111 9.21685 1.16904
2741.27827024213 8.72006 1.14707
2741.668559685149 8.02867 1.12513
2742.058849128168 8.99084 1.162
2742.449138571187 8.99597 1.15883
2742.839428014207 9.5641 1.17794
2743.229717457225 7.28226 1.10893
2743.620006900245 5.81787 1.05211
2744.010296343263 8.10237 1.13169
2744.400585786283 8.73131 1.15608
2744.790875229302 9.02814 1.16027
2745.181164672321 9.65958 1.18406
2745.57145411534 8.1894 1.13458
2745.961743558358 7.91178 1.12727
2746.352033001378 7.60634 1.1095
2746.742322444397 8.78438 1.15493
2747.132611887416 10.0097 1.19844
2747.522901330435 8.97731 1.16795
2747.913190773454 7.29503 1.1171
2748.303480216474 9.32926 1.17511
2748.693769659493 9.60113 1.17898
2749.084059102512 9.30101 1.17639
2749.474348545531 9.87002 1.19238
2749.864637988549 9.15048 1.16914
2750.254927431569 8.47645 1.14836
2750.645216874587 8.29645 1.14553
2751.035506317607 8.45971 1.15011
2751.425795760626 8.02062 1.1303
2751.816085203646 7.69881 1.13112
2752.206374646664 8.13467 1.14536
2752.596664089683 7.33379 1.12326
2752.986953532702 8.95505 1.17299
2753.377242975721 10.1229 1.20759
2753.767532418741 8.46636 1.15481
2754.15782186176 9.03566 1.18068
2754.548111304779 9.41897 1.19712
2754.938400747798 8.51292 1.16186
2755.328690190816 7.96463 1.14347
2755.718979633836 8.12966 1.15306
2756.109269076855 7.97172 1.14313
2756.499558519874 8.68365 1.16732
2756.889847962893 8.89987 1.17226
2757.280137405912 9.98896 1.20473
2757.670426848932 9.32378 1.19391
2758.060716291951 8.07923 1.15863
2758.45100573497 7.11739 1.12421
2758.841295177989 7.93149 1.15382
2759.231584621008 7.61565 1.137
2759.621874064027 9.07347 1.18069
2760.012163507046 8.82108 1.17273
2760.402452950065 8.64142 1.16884
2760.792742393084 9.28907 1.20018
2761.183031836104 9.26214 1.19326
2761.573321279122 9.89812 1.21142
2761.963610722141 10.8469 1.23874
2762.353900165161 8.79579 1.1733
2762.74418960818 8.2283 1.15722
2763.134479051199 8.76806 1.17892
2763.524768494218 9.65914 1.20701
2763.915057937237 8.53628 1.1709
2764.305347380256 8.14347 1.15817
2764.695636823275 8.65424 1.17521
2765.085926266294 8.07903 1.15093
2765.476215709313 8.63583 1.1689
2765.866505152332 6.68833 1.11142
2766.256794595352 8.87632 1.17976
2766.647084038371 8.61662 1.17937
2767.03737348139 8.71053 1.17835
2767.427662924409 8.49423 1.17236
2767.817952367428 7.72103 1.1513
2768.208241810447 9.01813 1.18676
2768.598531253466 8.74649 1.18623
2768.988820696485 10.2882 1.23173
2769.379110139504 9.64897 1.20639
2769.769399582523 6.54873 1.11265
2770.159689025543 7.04749 1.12895
2770.549978468561 8.1735 1.16994
2770.94026791158 7.94873 1.16312
2771.3305573546 8.09055 1.16103
2771.720846797619 8.1795 1.17473
2772.111136240638 8.35575 1.18066
2772.501425683657 8.49671 1.18238
2772.891715126676 7.27255 1.14815
2773.282004569695 8.5376 1.18008
2773.672294012714 11.2983 1.26091
2774.062583455733 8.95775 1.19949
2774.452872898753 7.83843 1.17111
2774.843162341771 9.41174 1.21893
2775.23345178479 8.83017 1.1961
2775.62374122781 8.00065 1.16718
2776.014030670829 9.02428 1.20035
2776.404320113848 7.51202 1.15299
2776.794609556867 7.12752 1.14567
2777.184898999887 8.14713 1.18102
2777.575188442906 6.30412 1.11757
2777.965477885924 5.93282 1.09978
2778.355767328943 7.62063 1.16203
2778.746056771962 7.50882 1.15865
2779.136346214981 8.48853 1.1956
2779.526635658001 8.91001 1.20715
2779.916925101019 8.6656 1.19762
2780.307214544039 8.08677 1.17553
2780.697503987057 8.78341 1.20054
2781.087793430077 8.42386 1.19743
2781.478082873096 6.8019 1.1424
2781.868372316115 8.1161 1.18372
2782.258661759134 10.3041 1.25255
2782.648951202153 9.27307 1.21631
2783.039240645172 7.70246 1.17761
2783.429530088191 8.01724 1.18715
2783.819819531211 7.91403 1.18217
2784.210108974229 8.90075 1.21829
2784.600398417249 8.4998 1.20156
2784.990687860268 7.82524 1.17233
2785.380977303287 8.95328 1.21639
2785.771266746306 8.51617 1.20295
2786.161556189325 7.96999 1.18168
2786.551845632344 8.93204 1.21808
2786.942135075363 7.84146 1.17689
2787.332424518382 7.8799 1.18562
2787.722713961401 9.09379 1.22384
2788.11300340442 7.54306 1.16953
2788.503292847439 8.43782 1.2059
2788.893582290458 9.62836 1.24638
2789.283871733478 8.97604 1.21285
2789.674161176497 8.60751 1.20794
2790.064450619516 8.64359 1.21062
2790.454740062535 6.98888 1.15424
2790.845029505554 8.61592 1.21637
2791.235318948573 8.48117 1.20759
2791.625608391593 7.8055 1.18992
2792.015897834612 7.66085 1.18097
2792.406187277631 7.42659 1.16947
2792.796476720649 6.62617 1.14988
2793.186766163669 6.94882 1.16163
2793.577055606688 8.27483 1.19832
2793.967345049707 5.27092 1.10685
2794.357634492726 3.22571 1.02709
2794.747923935745 3.89971 1.04412
2795.138213378764 3.02993 1.02532
2795.528502821784 2.3288 0.989327
2795.918792264802 1.37144 0.946417
2796.309081707822 3.2896 1.02118
2796.69937115084 4.4182 1.07063
2797.089660593859 7.07365 1.17149
2797.479950036878 8.51101 1.22534
2797.870239479897 6.34252 1.15254
2798.260528922917 6.65755 1.15899
2798.650818365936 8.98159 1.23657
2799.041107808955 6.65008 1.16112
2799.431397251974 6.31886 1.1482
2799.821686694993 6.72902 1.16221
2800.211976138012 7.20074 1.17835
2800.602265581031 7.57317 1.19533
2800.992555024051 7.58327 1.19502
2801.38284446707 6.06027 1.13952
2801.773133910088 4.17226 1.07705
2802.163423353107 3.5511 1.04696
2802.553712796126 1.48655 0.966795
2802.944002239146 0.253197 0.915982
2803.334291682165 2.60335 1.01302
2803.724581125184 4.17737 1.08232
2804.114870568203 5.92229 1.14719
2804.505160011222 7.13168 1.18692
2804.895449454242 5.94478 1.14402
2805.28573889726 7.68587 1.20176
2805.67602834028 8.04584 1.2141
2806.066317783299 7.51698 1.19936
2806.456607226318 7.01083 1.18388
2806.846896669337 9.5905 1.26694
2807.237186112356 8.05203 1.21251
2807.627475555375 6.70921 1.17472
2808.017764998394 7.99091 1.22636
2808.408054441413 7.11988 1.19238
2808.798343884432 7.52482 1.21015
2809.188633327452 7.15334 1.18877
2809.578922770471 7.18857 1.19613
2809.969212213489 5.93685 1.14707
2810.359501656509 6.25128 1.15874
2810.749791099528 8.35752 1.24078
2811.140080542547 7.02316 1.19155
2811.530369985565 9.2637 1.2758
2811.920659428585 9.72475 1.28253
2812.310948871604 7.71944 1.21414
2812.701238314623 8.12487 1.22722
2813.091527757642 7.55563 1.21775
2813.481817200662 7.30787 1.20112
2813.87210664368 6.91445 1.20409
2814.2623960867 7.5131 1.21638
2814.652685529718 6.12235 1.16938
2815.042974972738 5.67781 1.15493
2815.433264415757 7.66839 1.2229
2815.823553858776 7.08359 1.20109
2816.213843301795 7.26133 1.20163
2816.604132744813 9.46802 1.28307
2816.994422187834 7.63641 1.22398
2817.384711630852 7.73065 1.22907
2817.775001073871 7.28241 1.22004
2818.16529051689 7.97183 1.23499
2818.55557995991 6.84029 1.19455
2818.945869402929 7.83107 1.22988
2819.336158845948 6.94558 1.20104
2819.726448288967 8.96599 1.26648
2820.116737731986 6.93806 1.19932
2820.507027175005 7.82227 1.23913
2820.897316618024 7.28769 1.21202
2821.287606061043 8.33642 1.23591
2821.677895504062 7.24778 1.22344
2822.068184947081 7.12802 1.21521
2822.458474390101 6.66717 1.19277
2822.84876383312 8.15424 1.25448
2823.239053276138 8.37922 1.25102
2823.629342719157 8.83324 1.26441
2824.019632162177 7.62148 1.23858
2824.409921605196 9.05786 1.28062
2824.800211048215 8.69326 1.26286
2825.190500491234 8.83853 1.27548
2825.580789934253 7.56923 1.22611
2825.971079377272 8.71138 1.26538
2826.361368820291 9.12693 1.27391
2826.75165826331 8.25667 1.24549
2827.14194770633 7.09641 1.20571
2827.532237149348 7.78842 1.24113
2827.922526592367 8.32435 1.25238
2828.312816035387 7.17319 1.20793
2828.703105478406 9.22786 1.27053
2829.093394921425 9.26339 1.27685
2829.483684364444 8.85065 1.26309
2829.873973807463 8.62151 1.2504
2830.264263250482 9.45674 1.28224
2830.654552693501 10.3705 1.30894
2831.04484213652 7.9856 1.2259
2831.435131579539 7.688 1.22267
2831.825421022559 11.1228 1.33048
2832.215710465578 12.0377 1.35421
2832.605999908596 10.1116 1.29265
2832.996289351616 9.17639 1.27094
2833.386578794635 10.0047 1.2896
2833.776868237654 9.8186 1.29431
2834.167157680673 10.3477 1.30524
2834.557447123692 8.96866 1.25615
2834.947736566711 8.47398 1.26519
2835.33802600973 6.97249 1.334
2835.728315452749 8.91967 1.46735
2836.118604895769 9.831 1.50175
2836.508894338787 8.99605 1.47735
2836.899183781806 7.26164 1.41039
2837.289473224826 6.88726 1.39607
2837.679762667845 8.16215 1.44768
2838.070052110864 8.26269 1.46276
2838.460341553883 9.57552 1.51108
2838.850630996903 7.89538 1.43568
2839.240920439921 7.37405 1.4196
2839.63120988294 7.06621 1.40221
2840.021499325959 7.58404 1.43006
2840.411788768978 8.61724 1.48551
2840.802078211998 7.56007 1.43558
2841.192367655017 9.62211 1.49962
2841.582657098036 8.17553 1.46174
2841.972946541055 7.29488 1.43253
2842.363235984075 7.20331 1.4138
2842.753525427093 8.43156 1.46941
2843.143814870113 9.26339 1.49123
2843.534104313131 9.62441 1.50587
2843.92439375615 7.96853 1.44523
2844.314683199169 6.54526 1.39663
2844.704972642188 7.9528 1.43591
2845.095262085208 5.89437 1.35834
2845.485551528227 7.04594 1.39709
2845.875840971245 9.06901 1.48333
2846.266130414265 10.5293 1.51676
2846.656419857284 7.37642 1.39898
2847.046709300303 9.39687 1.48913
2847.436998743322 8.56748 1.44275
2847.827288186342 8.85858 1.46672
2848.217577629361 9.7781 1.49141
2848.607867072379 10.4793 1.49979
2848.998156515398 10.5677 1.51131
2849.388445958417 9.80427 1.48475
2849.778735401437 7.20286 1.35846
2850.169024844456 6.94324 1.35928
2850.559314287475 11.5637 1.53728
2850.949603730494 9.84643 1.49335
2851.339893173513 6.84711 1.46602
2851.730182616533 4.42737 1.46416
2852.120472059551 4.78009 1.48316
2852.51076150257 4.31901 1.44797
2852.901050945589 5.32334 1.49781
2853.291340388608 8.68945 1.65974
2853.681629831628 12.5325 1.82463
2854.071919274646 10.3012 1.7203
2854.462208717666 7.35083 1.58529
2854.852498160684 5.11495 1.55704
2855.242787603703 6.20411 1.86939
2855.633077046723 9.54715 2.26626
2856.023366489742 7.40505 2.14615
2856.413655932761 6.90089 2.09882
2856.80394537578 7.73952 2.17334
2857.1942348188 7.68813 2.14679
2857.584524261819 9.40728 2.21996
2857.974813704838 10.8483 2.36786
2858.365103147856 5.65244 2.06774
2858.755392590875 6.97332 2.14154
2859.145682033895 10.0853 2.31581
2859.535971476914 6.72033 2.11589
2859.926260919933 7.8656 2.17471
2860.316550362952 7.68047 2.19623
2860.706839805971 4.88132 2.04329
2861.09712924899 3.23983 1.90638
2861.487418692009 7.12569 2.15367
2861.877708135028 7.94133 2.21706
2862.267997578048 5.94161 2.05696
2862.658287021067 5.98827 2.0553
2863.048576464086 9.08374 2.2413
2863.438865907104 9.05743 2.2283
2863.829155350124 6.23134 2.08796
2864.219444793142 6.95133 2.11811
2864.609734236162 10.3188 2.28978
2865.000023679181 10.3584 2.26463
2865.3903131222 8.97985 2.20509
2865.780602565219 11.5746 2.34761
2866.170892008239 13.1635 2.39321
2866.561181451258 8.67799 2.15377
2866.951470894277 10.5739 2.25554
2867.341760337296 8.97158 2.15898
2867.732049780314 8.61851 2.17601
2868.122339223334 8.54255 2.12293
2868.512628666353 10.7629 2.26338
2868.902918109372 10.1711 2.20438
2869.293207552391 15.6585 2.50099
2869.683496995411 8.46422 2.07922
2870.073786438429 9.933 2.20591
2870.464075881448 10.1776 2.19824
2870.854365324468 9.13612 2.14727
2871.244654767486 11.3765 2.40038
2871.634944210506 7.12333 2.42825
2872.025233653525 7.37504 3.08632
2872.415523096544 10.5334 3.29164
2872.805812539563 2.67971 2.71447
2873.196101982582 -1.3334 2.25803
2873.586391425601 10.5708 3.31606
2873.97668086862 8.74706 3.18032
2874.366970311639 11.6657 3.38134
2874.757259754658 7.02954 3.08822
2875.147549197678 4.53374 2.80862
2875.537838640697 9.22575 3.24651
2875.928128083715 9.93749 3.2656
2876.318417526735 10.1547 3.3249
2876.708706969754 8.11499 3.13481
2877.098996412773 7.06975 3.05383
2877.489285855792 13.7533 3.52003
2877.879575298811 8.48195 3.19319
2878.26986474183 9.57296 3.32141
2878.660154184849 11.0314 3.42391
2879.050443627869 4.30702 2.84444
2879.440733070887 2.87151 2.7019
2879.831022513907 6.60519 3.05305
2880.221311956926 10.9783 3.41647
2880.611601399944 3.07384 2.79115
2881.001890842964 6.79525 3.05689
2881.392180285983 6.67145 3.07883
2881.782469729002 7.10724 3.13012
2882.172759172021 6.81758 3.09709
2882.56304861504 9.14299 3.1877
2882.95333805806 6.99298 3.09901
2883.343627501078 3.08014 2.69622
2883.733916944097 5.03686 2.88788
2884.124206387116 5.84977 2.93036
2884.514495830136 5.58675 2.8827
2884.904785273155 14.6982 3.51323
2885.295074716173 13.7328 3.55073
2885.685364159193 7.76455 3.03309
2886.075653602212 11.4417 3.26513
2886.465943045231 15.1773 3.52326
2886.85623248825 12.4229 3.35931
2887.246521931269 9.77523 3.08918
2887.636811374288 14.4754 3.46084
2888.027100817307 13.1591 3.37759
2888.417390260327 15.2637 3.51845
2888.807679703346 14.3024 3.38637
2889.197969146365 9.38103 2.94607
2889.588258589383 15.9825 3.49039
2889.978548032403 17.3382 3.55786
2890.368837475422 14.5054 3.37507
2890.759126918441 10.7577 3.09737
2891.14941636146 12.5365 3.66942
2891.539705804479 12.6081 3.69118
2891.929995247498 0 0
2892.320284690517 0 0
2892.710574133536 0 0
2893.100863576555 0 0
2893.491153019575 0 0
2893.881442462594 0 0
2894.271731905613 0 0
2894.662021348632 0 0
2895.052310791652 0 0
2895.44260023467 0 0
2895.832889677689 0 0
2896.223179120708 0 0
2896.613468563727 0 0
2897.003758006746 0 0
2897.394047449765 0 0
2897.784336892785 0 0
2898.174626335804 0 0
2898.564915778823 0 0
2898.955205221842 0 0
2899.345494664861 0 0
2899.73578410788 0 0
2900.126073550899 0 0
2900.516362993918 0 0
2900.906652436937 0 0
2901.296941879956 0 0
2901.687231322975 0 0
2902.077520765994 0 0
2902.467810209014 0 0
2902.858099652033 0 0
